2 0.69465625 0.616328125 0.30649999999999994 0.15767187499999996
2 0.670375 0.49770312499999997 0.24542187500000007 0.12509374999999992
2 0.649859375 0.399359375 0.21534375000000008 0.094046875
2 0.4360625000000001 0.60078125 0.08460937499999996 0.0984375
2 0.5061718749999999 0.5491718750000001 0.08578124999999996 0.09992187500000008
2 0.30814062499999995 0.5731875000000001 0.11314062499999995 0.1463750000000001
2 0.19451562500000003 0.5541562499999999 0.08432812500000005 0.1379843749999999
2 0.26434375 0.45884374999999994 0.128703125 0.11142187499999992
2 0.313265625 0.385828125 0.17651562500000004 0.07790625000000002
2 0.3796875 0.325 0.140625 0.065625
2 0.43878125 0.467234375 0.14160937499999998 0.10476562499999993
2 0.503390625 0.368703125 0.17554687499999985 0.085828125