7 0.2609375 0.36484375 0.171875 0.2171875
7 0.2375 0.29765625 0.125 0.2453125
7 0.23125 0.2296875 0.1125 0.109375
13 0.50703125 0.33984375 0.1640625 0.165625
13 0.48359375 0.44140625 0.1515625 0.0640625
13 0.59375 0.4015625 0.109375 0.14375
13 0.4578125 0.40390625 0.1 0.1390625
13 0.5484375 0.5375 0.146875 0.128125
13 0.5375 0.690625 0.1671875 0.2
13 0.55390625 0.80546875 0.1296875 0.0390625
13 0.64609375 0.54765625 0.1265625 0.1484375
13 0.6375 0.7 0.153125 0.1546875
13 0.628125 0.80234375 0.165625 0.0453125
13 0.7515625 0.54921875 0.146875 0.1515625
13 0.73359375 0.7078125 0.1828125 0.1875