7 0.45703125 0.32421875 0.1109375 0.2984375
7 0.40390625 0.346875 0.2171875 0.253125
7 0.32734375 0.35625 0.1859375 0.234375
7 0.2484375 0.36328125 0.146875 0.2203125
13 0.5453125 0.275 0.065625 0.2
13 0.55546875 0.4046875 0.0859375 0.13125
13 0.58203125 0.28359375 0.121875 0.16875
13 0.34375 0.66875 0.290625 0.3125
13 0.4125 0.565625 0.2 0.184375
13 0.421875 0.72734375 0.18125 0.1953125
13 0.72890625 0.534375 0.1921875 0.121875
13 0.71796875 0.69765625 0.2140625 0.2546875
13 0.66171875 0.58359375 0.1453125 0.2203125
13 0.70703125 0.74921875 0.2359375 0.1515625