7 0.25234375 0.503125 0.1546875 0.06875
7 0.2515625 0.396875 0.153125 0.190625
7 0.3171875 0.34453125 0.0828125 0.11875
7 0.25234375 0.253125 0.1546875 0.146875
7 0.19609375 0.40390625 0.0421875 0.1734375
13 0.425 0.721875 0.084375 0.190625
13 0.27890625 0.65859375 0.1015625 0.09375
13 0.31796875 0.76171875 0.1328125 0.1265625
13 0.34296875 0.65625 0.1484375 0.1296875
13 0.35234375 0.571875 0.0890625 0.06875
13 0.4234375 0.59453125 0.0875 0.1140625
13 0.4578125 0.60234375 0.01875 0.0734375
13 0.4375 0.80078125 0.059375 0.0484375
13 0.3671875 0.7765625 0.128125 0.096875
13 0.675 0.63046875 0.203125 0.1859375
13 0.53984375 0.5796875 0.1453125 0.084375
13 0.5015625 0.7109375 0.06875 0.225