3 0.6453125 0.47578125 0.63671875 0.4734375 0.6359375 0.48828125 0.65 0.50390625 0.6609375 0.53828125 0.6671875 0.68671875 0.6953125 0.79921875 0.721875 0.86484375 0.7546875 0.92109375 0.79765625 0.9703125 0.8203125 0.98046875 0.821875 0.96953125 0.771875 0.86953125 0.734375 0.76328125 0.7203125 0.60703125 0.6703125 0.51015625 0.6453125 0.47578125
3 0.3875 0.54296875 0.3421875 0.47578125 0.3203125 0.36484375 0.31015625 0.3578125 0.3140625 0.42890625 0.3390625 0.55390625 0.3875 0.68203125 0.4453125 0.79453125 0.5125 0.87890625 0.515625 0.86328125 0.509375 0.83515625 0.45625 0.73828125 0.4359375 0.66640625 0.3921875 0.56640625 0.3875 0.54296875
3 0.08828125 0.4640625 0.0625 0.44140625 0.02734375 0.3921875 0.0171875 0.39453125 0.0171875 0.41015625 0.090625 0.49296875 0.1203125 0.54609375 0.19921875 0.6203125 0.28984375 0.665625 0.3859375 0.68359375 0.3765625 0.64609375 0.36640625 0.63125 0.29140625 0.596875 0.22421875 0.5484375 0.16640625 0.49375 0.08828125 0.4640625
3 0.3734375 0.25390625 0.3703125 0.24609375 0.378125 0.24453125 0.3890625 0.22578125 0.38203125 0.2109375 0.371875 0.21640625 0.36328125 0.2359375 0.2203125 0.36953125 0.1703125 0.42734375 0.1359375 0.47734375 0.14453125 0.4859375 0.175 0.49609375 0.30078125 0.3828125 0.3078125 0.35859375 0.32421875 0.353125 0.340625 0.33515625 0.353125 0.31484375 0.3734375 0.25390625
3 0.28046875 0.2515625 0.196875 0.33359375 0.153125 0.40390625 0.13125 0.46953125 0.13125 0.47734375 0.1390625 0.47734375 0.165625 0.43359375 0.215625 0.37421875 0.3 0.29609375 0.35546875 0.23125 0.31171875 0.234375 0.28046875 0.2515625
3 0.6703125 0.36796875 0.66171875 0.3703125 0.671875 0.41640625 0.6734375 0.47265625 0.6921875 0.51484375 0.740625 0.58984375 0.7765625 0.63515625 0.80546875 0.6578125 0.88203125 0.69375 0.915625 0.69609375 0.91484375 0.6859375 0.87890625 0.6640625 0.81875 0.60703125 0.75 0.49765625 0.7171875 0.43359375 0.6703125 0.36796875
3 1 0.67914930625 0.96953125 0.6671875 0.89921875 0.61875 0.8546875 0.56953125 0.7875 0.47890625 0.73828125 0.4453125 0.7234375 0.41796875 0.7125 0.41328125 0.7109375 0.42109375 0.7265625 0.42734375 0.72578125 0.4375 0.715625 0.42890625 0.715625 0.43984375 0.7328125 0.45703125 0.78125 0.54765625 0.81875 0.60546875 0.84921875 0.6359375 0.92109375 0.6859375 0.96171875 0.703125 1 0.7111842109375 1 0.67914930625
3 0.56015625 0.3171875 0.534375 0.34296875 0.515625 0.37890625 0.5109375 0.48515625 0.525 0.55703125 0.5140625 0.56171875 0.509375 0.58515625 0.509375 0.60546875 0.5203125 0.63671875 0.503125 0.64609375 0.496875 0.67265625 0.4953125 0.71953125 0.5046875 0.74609375 0.5390625 0.66015625 0.565625 0.55546875 0.5625 0.39140625 0.5640625 0.33515625 0.57109375 0.315625 0.56015625 0.3171875
3 0.603125 0.44765625 0.6015625 0.52734375 0.5921875 0.59921875 0.5296875 0.81953125 0.528125 0.84453125 0.5375 0.84609375 0.5921875 0.76328125 0.6390625 0.64765625 0.65625 0.58828125 0.65625 0.53515625 0.61015625 0.440625 0.603125 0.44765625
3 0.62734375 0.0203125 0.6125 0.03203125 0.540625 0.15078125 0.4984375 0.19296875 0.46875 0.29765625 0.4421875 0.35234375 0.4140625 0.37890625 0.41640625 0.3859375 0.434375 0.38515625 0.46171875 0.3734375 0.4921875 0.33828125 0.54375 0.20390625 0.5578125 0.14765625 0.625 0.03359375 0.62734375 0.0203125
3 0.5421875 0.25546875 0.53046875 0.2390625 0.4625 0.43046875 0.4625 0.46328125 0.4734375 0.50234375 0.5109375 0.55390625 0.525 0.55703125 0.509375 0.50234375 0.5125 0.39921875 0.5203125 0.36328125 0.5515625 0.32421875 0.5578125 0.30546875 0.5421875 0.25546875