3 0.51328125 0.4078125 0.5140625 0.41953125 0.565625 0.48515625 0.6546875 0.55703125 0.6546875 0.54140625 0.6265625 0.49296875 0.56484375 0.434375 0.51328125 0.4078125
3 0.47578125 0.4203125 0.44921875 0.4328125 0.41875 0.46484375 0.365625 0.56328125 0.36875 0.56953125 0.415625 0.52109375 0.41875 0.50703125 0.475 0.43359375 0.47578125 0.4203125
3 0.43515625 0.4265625 0.42734375 0.4265625 0.40625 0.44765625 0.3734375 0.49765625 0.353125 0.54765625 0.3546875 0.55703125 0.365625 0.56328125 0.40625 0.48359375 0.44375 0.43359375 0.44140625 0.4140625 0.43515625 0.4265625
3 0.3390625 0.52890625 0.32578125 0.5234375 0.3234375 0.53515625 0.33125 0.56015625 0.3671875 0.62265625 0.41328125 0.671875 0.49140625 0.734375 0.5 0.73515625 0.453125 0.68671875 0.425 0.64296875 0.390625 0.61015625 0.3390625 0.52890625
3 0.51640625 0.565625 0.47890625 0.55 0.478125 0.54296875 0.4578125 0.52890625 0.4859375 0.57109375 0.50390625 0.5859375 0.54140625 0.59375 0.62421875 0.5890625 0.671875 0.60078125 0.671875 0.58984375 0.64453125 0.5671875 0.59296875 0.559375 0.51640625 0.565625
3 0.4984375 0.58828125 0.5078125 0.61171875 0.53046875 0.6328125 0.57890625 0.659375 0.6390625 0.68046875 0.64375 0.67421875 0.62734375 0.653125 0.55078125 0.596875 0.4984375 0.58828125
3 0.2390625 0.45390625 0.2578125 0.48203125 0.284375 0.46484375 0.24921875 0.403125 0.240625 0.41953125 0.2390625 0.45390625
3 0.27265625 0.3171875 0.2671875 0.32578125 0.26875 0.34296875 0.2984375 0.40234375 0.34453125 0.4421875 0.3765625 0.45546875 0.3890625 0.44296875 0.3859375 0.43359375 0.303125 0.36796875 0.27265625 0.3171875
3 0.61640625 0.446875 0.6046875 0.45546875 0.621875 0.48515625 0.65234375 0.51875 0.73671875 0.5875 0.7515625 0.59140625 0.7390625 0.56171875 0.66328125 0.4703125 0.63203125 0.4484375 0.61640625 0.446875
3 0.5234375 0.49765625 0.56796875 0.5515625 0.60546875 0.5625 0.6265625 0.56171875 0.55390625 0.475 0.51953125 0.4546875 0.5109375 0.45703125 0.5234375 0.49765625
3 0.38671875 0.4484375 0.36171875 0.4671875 0.31640625 0.5140625 0.26171875 0.553125 0.259375 0.55703125 0.265625 0.55859375 0.35703125 0.509375 0.396875 0.46796875 0.4078125 0.44609375 0.38671875 0.4484375