3 0.7671875 0.5703125 0.7796875 0.6 0.7890625 0.6015625 0.790625 0.5890625 0.778125 0.553125 0.76640625 0.53984375 0.7671875 0.5703125
3 0.7359375 0.378125 0.728125 0.246875 0.7234375 0.2359375 0.70859375 0.22578125 0.6984375 0.234375 0.6921875 0.2546875 0.6859375 0.3296875 0.6890625 0.3875 0.7015625 0.428125 0.715625 0.4484375 0.7171875 0.465625 0.734375 0.4875 0.74375 0.515625 0.7625 0.5234375 0.7640625 0.5140625 0.7484375 0.475 0.7484375 0.4234375 0.7359375 0.378125
3 0.1734375 0.3390625 0.16171875 0.29140625 0.153125 0.29375 0.1453125 0.3140625 0.109375 0.4609375 0.1109375 0.528125 0.1625 0.4453125 0.1625 0.4046875 0.1734375 0.38125 0.1734375 0.3390625
3 0.28046875 0.20546875 0.23984375 0.20390625 0.2296875 0.209375 0.23671875 0.22578125 0.30859375 0.26953125 0.3421875 0.2734375 0.3515625 0.2640625 0.35625 0.24375 0.33984375 0.22578125 0.28046875 0.20546875
3 0.50234375 0.10546875 0.42265625 0.12734375 0.36015625 0.13046875 0.29609375 0.17265625 0.26171875 0.18515625 0.25 0.196875 0.25546875 0.20390625 0.30625 0.2046875 0.37421875 0.18515625 0.42578125 0.14609375 0.5140625 0.1078125 0.50234375 0.10546875
3 0.39765625 0.53046875 0.37578125 0.52109375 0.3640625 0.54375 0.3578125 0.584375 0.37890625 0.59765625 0.396875 0.596875 0.4046875 0.590625 0.415625 0.5546875 0.4171875 0.5296875 0.39765625 0.53046875
3 0.4265625 0.29375 0.41015625 0.28671875 0.421875 0.3578125 0.4265625 0.29375
3 0.39921875 0.28359375 0.38828125 0.28046875 0.378125 0.2828125 0.3734375 0.3015625 0.3734375 0.3484375 0.38125 0.3625 0.39921875 0.36171875 0.40625 0.353125 0.4046875 0.29375 0.39921875 0.28359375
3 0.4234375 0.2109375 0.41875 0.1859375 0.40859375 0.17890625 0.3921875 0.203125 0.38125 0.2546875 0.39140625 0.26484375 0.4203125 0.2734375 0.4234375 0.259375 0.415625 0.2359375 0.4234375 0.2390625 0.4234375 0.2109375
3 0.434375 0.35 0.4421875 0.353125 0.4625 0.2984375 0.43203125 0.29140625 0.4296875 0.3328125 0.434375 0.35
3 0.4375 0.2359375 0.434375 0.275 0.46875 0.2828125 0.484375 0.2640625 0.4953125 0.2296875 0.49609375 0.12421875 0.4375 0.2359375
3 0.58046875 0.74296875 0.57734375 0.74921875 0.56640625 0.74921875 0.56875 0.7671875 0.57734375 0.76953125 0.584375 0.7828125 0.5921875 0.815625 0.6421875 0.896875 0.64921875 0.90546875 0.678125 0.9046875 0.653125 0.825 0.6296875 0.7796875 0.59296875 0.74609375 0.58046875 0.74296875