3 0.3765625 0.30390625 0.35625 0.35546875 0.3203125 0.38671875 0.2875 0.43359375 0.2421875 0.53203125 0.2234375 0.60703125 0.2234375 0.64765625 0.23125 0.66796875 0.2390625 0.66953125 0.2640625 0.58203125 0.3546875 0.42578125 0.365625 0.37421875 0.390625 0.31171875 0.38671875 0.3015625 0.3765625 0.30390625
3 0.284375 0.55390625 0.296875 0.57734375 0.32265625 0.59375 0.47890625 0.65 0.52890625 0.6640625 0.553125 0.66484375 0.56953125 0.659375 0.571875 0.65234375 0.36328125 0.54375 0.31484375 0.5296875 0.29296875 0.5375 0.284375 0.55390625
3 0.39765625 0.446875 0.36171875 0.4546875 0.3296875 0.47421875 0.3078125 0.51015625 0.31171875 0.51875 0.340625 0.51796875 0.52578125 0.4765625 0.56953125 0.459375 0.615625 0.42265625 0.59453125 0.4203125 0.53203125 0.4390625 0.39765625 0.446875
3 0.5921875 0.76953125 0.6015625 0.77890625 0.65859375 0.715625 0.696875 0.69921875 0.68359375 0.671875 0.67265625 0.6671875 0.6 0.75390625 0.5921875 0.76953125
3 0.78125 0.44296875 0.75546875 0.4140625 0.73984375 0.40625 0.740625 0.42265625 0.7671875 0.49453125 0.765625 0.54765625 0.7390625 0.59921875 0.6984375 0.65078125 0.74375 0.67109375 0.775 0.63515625 0.796875 0.59140625 0.8046875 0.55703125 0.8046875 0.51328125 0.7984375 0.48046875 0.78125 0.44296875
3 0.2859375 0.77890625 0.4609375 0.72734375 0.44921875 0.71875 0.43359375 0.7203125 0.2703125 0.77109375 0.27265625 0.7796875 0.2859375 0.77890625
3 0.678125 0.63515625 0.6921875 0.64140625 0.746875 0.58203125 0.7625 0.55703125 0.76328125 0.5390625 0.71953125 0.565625 0.66875 0.61015625 0.678125 0.63515625
3 0.51640625 0.6796875 0.4734375 0.71015625 0.49609375 0.7234375 0.5171875 0.72421875 0.62265625 0.6921875 0.66640625 0.6671875 0.671875 0.65390625 0.65546875 0.6375 0.63515625 0.63125 0.51640625 0.6796875
3 0.63828125 0.278125 0.60703125 0.271875 0.56171875 0.240625 0.5453125 0.23828125 0.6015625 0.28203125 0.6046875 0.32109375 0.64296875 0.3703125 0.68203125 0.4 0.71640625 0.415625 0.73515625 0.41875 0.7359375 0.40546875 0.74296875 0.4015625 0.78828125 0.440625 0.79375 0.43984375 0.7921875 0.42109375 0.78046875 0.40625 0.72421875 0.384375 0.684375 0.34765625 0.665625 0.32734375 0.63828125 0.278125
3 0.07890625 0.4765625 0.1296875 0.47578125 0.24296875 0.4484375 0.28671875 0.4296875 0.3171875 0.38828125 0.20234375 0.415625 0.075 0.47109375 0.07890625 0.4765625
3 0.5625 0.29609375 0.571875 0.27421875 0.56015625 0.271875 0.53515625 0.3 0.49140625 0.33125 0.37109375 0.371875 0.3640625 0.38515625 0.3625 0.41171875 0.3796875 0.41328125 0.43046875 0.40625 0.48203125 0.378125 0.490625 0.34609375 0.50078125 0.3390625 0.51328125 0.34375 0.5625 0.29609375