3 0.434375 0.5734375 0.446875 0.54375 0.4390625 0.490625 0.425 0.4890625 0.4234375 0.546875 0.409375 0.5921875 0.434375 0.5734375
3 0.323296875 0.5600156249999999 0.05645312499999999 0.06953125
3 0.64209375 0.47709375000000004 0.04756249999999991 0.1032343749999999
3 0.46448911718749997 0.552132440625 0.45787963749999994 0.5611415156249999 0.4650899796875 0.56294333125 0.4759054921875 0.555135465625 0.494532209375 0.5509312296875 0.5125580640625 0.5353154984375 0.5377942609375 0.5046846390625 0.538995984375 0.48306285625 0.5317856437499999 0.478258015625 0.5246394296875 0.4843749984375 0.5185666828125 0.5064864546875001 0.5083520312500001 0.5221021859375 0.488523590625 0.5383185234375001 0.46448911718749997 0.552132440625
3 0.5600261484375 0.5545348609375 0.5660347671875 0.5683487765625 0.5690390765625 0.5767572484375 0.5744468328125001 0.5755560375 0.57564855625 0.5593397015625 0.5702408 0.5461263890625 0.56543390625 0.5245046062500001 0.5702408 0.5034834296875 0.5702408 0.4890689078125 0.5631009687499999 0.48798076718749994 0.5594252875 0.5052852437500001 0.5516140828125 0.5142943203125 0.5516140828125 0.5341142875 0.5600261484375 0.5545348609375
3 0.3713555328125 0.57615664375 0.370153809375 0.545525784375 0.3653469140625 0.5112912953125 0.35753571093750003 0.4920719328125 0.34972450781250003 0.497477378125 0.353329678125 0.545525784375 0.364145190625 0.5767572484375 0.3665486390625 0.591772375 0.3713555328125 0.57615664375
3 0.4254330984375 0.481861646875 0.42483223593749997 0.468648334375 0.4140167234375 0.4476271578125 0.409209828125 0.426005375 0.40320121093749994 0.40618540625 0.3971925921875 0.4055848015625 0.392385696875 0.42780718906250004 0.3971925921875 0.4518313921875 0.415218446875 0.4758555953125 0.4254330984375 0.481861646875
3 0.4668925640625 0.5731536171875 0.4668925640625 0.56294333125 0.460883946875 0.5443245734375 0.45727877499999997 0.5160961359375 0.45848049843750005 0.501081009375 0.45307274218750004 0.4758555953125 0.44586240000000005 0.46264228437500005 0.43810096875 0.4687499984375 0.4416563671875 0.49567556250000006 0.4452615390625 0.523303396875 0.44826584843750006 0.5479282046875 0.4668925640625 0.5731536171875
3 0.4933304859375 0.5341142875 0.4957339328125 0.5239040015625 0.4915279 0.48666648749999997 0.4951330703125 0.45483441718749995 0.48612014375 0.4374168703125 0.47830893906250005 0.4614410734375 0.4765063546875 0.487867696875 0.4795106640625 0.5347148921875 0.4933304859375 0.5341142875
3 0.5702408 0.5112912953125 0.568438215625 0.52750763125 0.579253728125 0.4926725375 0.5828588984375 0.4662459140625 0.5990821687500001 0.43261202968749995 0.6038890625 0.3947739109375 0.59307355 0.3851642296875 0.5828588984375 0.404984196875 0.5774511421875 0.4332126359375 0.5690390765625 0.468648334375 0.5702408 0.5112912953125
3 0.6080950953125 0.5221021859375 0.6086959578125 0.50228221875 0.6141037140625001 0.47285257031250005 0.6159063 0.43501445 0.6153054375 0.41819750781250004 0.604489925 0.4187981140625 0.5996830296875 0.45483441718749995 0.5978804453125 0.49387374843750004 0.6014856156249999 0.519699765625 0.6080950953125 0.5221021859375