10 0.35428125 0.576765625 0.14606250000000004 0.10896875000000002
10 0.5309062499999999 0.579140625 0.109375 0.10421875000000007
10 0.47757812499999996 0.507 0.12228124999999998 0.11617187500000004
10 0.36039062499999996 0.49204687499999994 0.11753125000000005 0.10801562499999999
10 0.54178125 0.43634375 0.11073437500000001 0.09714062499999994
10 0.649109375 0.42853125 0.09578124999999993 0.09239062499999999
10 0.581859375 0.502578125 0.09578124999999993 0.09239062499999999
10 0.683421875 0.50428125 0.10190625000000005 0.09714062499999994
10 0.613453125 0.5883125 0.10598437500000006 0.08587500000000006
10 0.69453125 0.58671875 0.0796875 0.0890625
10 0.48234374999999996 0.40034375000000005 0.09510937500000001 0.0631718750000001
10 0.31725000000000003 0.39796875 0.10054687500000004 0.05842187499999998
10 0.43206249999999996 0.446203125 0.08559374999999995 0.06385937500000001
10 0.40115625 0.40271875 0.09035937500000006 0.06793750000000003
10 0.34068750000000003 0.43871874999999994 0.10121874999999995 0.0774531249999999
10 0.30196875 0.5192187500000001 0.06860937499999994 0.06996874999999995
10 0.44803125 0.586609375 0.10529687499999998 0.08926562499999999
10 0.69328125 0.419015625 0.06860937499999994 0.07745312500000008