10 0.693625 0.5606718749999999 0.07942187500000006 0.08203125
10 0.55071875 0.5688125 0.072265625 0.07356250000000006
10 0.5324843749999999 0.5125 0.06965624999999989 0.061203125000000115
10 0.593359375 0.524875 0.0625 0.0625
10 0.6027968749999999 0.463671875 0.047531250000000115 0.06640625
10 0.5676406249999999 0.468875 0.057937499999999885 0.055984375000000065
10 0.53378125 0.44771875000000005 0.057937499999999885 0.051437499999999935
10 0.366796875 0.525203125 0.061203125000000025 0.057937499999999885
10 0.29876562500000003 0.479296875 0.068359375 0.0546875
10 0.307546875 0.526828125 0.06640625 0.06770312500000006
10 0.69784375 0.43014062500000005 0.034500000000000065 0.031906249999999935
10 0.668234375 0.42493749999999997 0.03125 0.033203125
10 0.6815781249999999 0.466609375 0.037109375 0.035812499999999935
10 0.649015625 0.463015625 0.034500000000000065 0.036453125000000065