10 0.5135 0.33025000000000004 0.18039062500000008 0.18323437499999998
10 0.718046875 0.39489062500000005 0.18892187499999996 0.16193749999999998
10 0.35867187500000003 0.32315625 0.16051562500000002 0.16335937500000006
10 0.22443749999999998 0.4055468749999999 0.16476562499999997 0.16903124999999997
10 0.08309375 0.40128125 0.1661875 0.15198437499999998
10 0.08735937499999999 0.4921875 0.17471874999999998 0.16618750000000002
10 0.199578125 0.543328125 0.186078125 0.12642187500000013
10 0.313921875 0.5454531250000001 0.19034374999999998 0.1875
10 0.40909375 0.53621875 0.14773437499999992 0.19176562500000002
10 0.420453125 0.4453125 0.17614062500000002 0.12926562500000002
10 0.64275 0.33735937499999996 0.1434687499999999 0.129265625
10 0.587359375 0.514921875 0.17756249999999998 0.16618750000000002
10 0.7578125 0.524140625 0.18607812499999987 0.1647656249999999
10 0.887078125 0.519890625 0.12926562500000002 0.1846562500000001
10 0.8359375 0.683953125 0.19460937499999992 0.19176562500000002
10 0.673296875 0.678984375 0.16760937499999998 0.17898437499999992
10 0.503546875 0.639921875 0.18039062500000008 0.16051562500000002
10 0.16903125000000002 0.6796875 0.1875 0.19176562500000002
10 0.056109374999999996 0.691046875 0.11221874999999999 0.18039062500000008
10 0.34375 0.696015625 0.19601562500000008 0.16193749999999998
10 0.52109375 0.71640625 0.1828125 0.1296875
10 0.662640625 0.730109375 0.16051562500000002 0.10226562500000007