10 0.659375 0.16328125 0.28125 0.290625
10 0.4078125 0.10859375 0.259375 0.2171875
10 0.2265625 0.20546875 0.221875 0.24375
10 0.11875 0.3546875 0.2375 0.225
10 0.3640625 0.33828125 0.290625 0.296875
10 0.63125 0.42578125 0.30625 0.290625
10 0.8125 0.25546875 0.25625 0.25
10 0.953125 0.4140625 0.09375 0.23125
10 0.8390625 0.49765625 0.228125 0.253125
10 0.9234375 0.6015625 0.153125 0.2
10 0.4515625 0.57421875 0.240625 0.24375
10 0.23125 0.50390625 0.25625 0.246875
10 0.109375 0.6609375 0.21875 0.25
10 0.078125 0.5109375 0.15625 0.21875
10 0.334375 0.73671875 0.29375 0.3
10 0.1703125 0.85546875 0.271875 0.2875
10 0.6765625 0.66484375 0.284375 0.2625
10 0.85625 0.76796875 0.24375 0.25625
10 0.6828125 0.89609375 0.296875 0.2078125
10 0.421875 0.89765625 0.24375 0.2046875