11 0.4609375 0.49375 0.4765625 0.521875 0.50625 0.5296875 0.534375 0.5109375 0.5421875 0.471875 0.534375 0.453125 0.51875 0.4375 0.4890625 0.4328125 0.475 0.4375 0.4640625 0.453125 0.4609375 0.49375
11 0.384375 0.5265625 0.3953125 0.5640625 0.4140625 0.58125 0.4359375 0.5828125 0.4671875 0.5578125 0.475 0.5203125 0.45625 0.4828125 0.428125 0.4765625 0.4109375 0.48125 0.396875 0.49375 0.384375 0.5265625
11 0.575 0.625 0.6015625 0.6484375 0.6421875 0.6375 0.6546875 0.621875 0.659375 0.603125 0.659375 0.5765625 0.6515625 0.55625 0.625 0.53125 0.6046875 0.5296875 0.58125 0.54375 0.5703125 0.590625 0.575 0.625
11 0.5203125 0.440625 0.54375 0.4734375 0.571875 0.471875 0.5890625 0.4640625 0.61875 0.43125 0.6203125 0.403125 0.6109375 0.39375 0.56875 0.3859375 0.540625 0.396875 0.521875 0.425 0.5203125 0.440625
11 0.375 0.625 0.3765625 0.5890625 0.371875 0.5796875 0.3421875 0.559375 0.29375 0.553125 0.278125 0.55625 0.278125 0.6453125 0.3609375 0.6484375 0.375 0.625
11 0.309375 0.48511904687499996 0.3328125 0.48511904687499996 0.359375 0.46168154687499996 0.3578125 0.42105654687499994 0.35 0.40230654687499995 0.3328125 0.389806546875 0.3109375 0.388244046875 0.29375 0.396056546875 0.278125 0.41949404687499997 0.278125 0.44605654687499996 0.2875 0.46793154687499994 0.309375 0.48511904687499996
11 0.328125 0.546875 0.3515625 0.5640625 0.390625 0.55625 0.3875 0.5171875 0.4046875 0.4875 0.39375 0.4671875 0.3828125 0.4609375 0.3609375 0.4609375 0.334375 0.484375 0.321875 0.5109375 0.328125 0.546875
11 0.6546875 0.5640625 0.659375 0.5984375 0.6765625 0.590625 0.709375 0.5890625 0.721875 0.56875 0.7203125 0.5109375 0.6984375 0.4921875 0.6734375 0.490625 0.6484375 0.5078125 0.6359375 0.5390625 0.6546875 0.5640625
11 0.5953125 0.4671875 0.6171875 0.4984375 0.6515625 0.503125 0.678125 0.4796875 0.6796875 0.446875 0.659375 0.415625 0.640625 0.40625 0.6203125 0.40625 0.615625 0.4328125 0.5953125 0.45625 0.5953125 0.4671875
11 0.465625 0.425 0.4734375 0.440625 0.490625 0.434375 0.5203125 0.4375 0.5390625 0.4015625 0.521875 0.378125 0.49375 0.3734375 0.471875 0.3875 0.465625 0.4015625 0.465625 0.425
11 0.51875 0.6 0.4953125 0.571875 0.465625 0.565625 0.4375 0.58125 0.428125 0.6140625 0.4484375 0.63125 0.453125 0.6484375 0.5140625 0.6484375 0.521875 0.621875 0.51875 0.6
11 0.5015625 0.578125 0.5140625 0.5984375 0.5265625 0.6046875 0.5625 0.596875 0.571875 0.5859375 0.578125 0.5625 0.5640625 0.521875 0.5359375 0.5109375 0.5125 0.525 0.4984375 0.546875 0.5015625 0.578125