11 0.5202331546875001 0.42821197499999997 0.5132293703124999 0.4173172 0.488716125 0.396694946875 0.470817565625 0.391247559375 0.4521408078125 0.3928039546875 0.444358825 0.3959167484375 0.434631346875 0.404866028125 0.43307495156250003 0.418873596875 0.42996215781249997 0.424320984375 0.44069000156250004 0.436742696875 0.4342422484375 0.43560485781249997 0.4326858515625 0.4317138671875 0.4315185546875 0.44221954375 0.429183959375 0.44221954375 0.429183959375 0.4375503546875 0.426460265625 0.434826659375 0.4260711671875 0.44221954375 0.4280166625 0.4449432375 0.4315185546875 0.443775940625 0.429183959375 0.44766693125 0.4428024296875 0.46050720156249997 0.4560318 0.465954590625 0.4727630609375 0.4663436890625 0.493385315625 0.46128539999999996 0.5027236937499999 0.46128539999999996 0.5128402703125 0.4558380125 0.5202331546875001 0.446110534375 0.5202331546875001 0.42821197499999997
11 0.4011688234375 0.5589492796875 0.396499634375 0.545719909375 0.3828811640625 0.53054504375 0.36653900156249997 0.528988646875 0.3455276484375 0.5367706296875 0.334243775 0.5480545046875 0.329574584375 0.559727478125 0.329574584375 0.5799606328125 0.33657836875 0.598637390625 0.346305846875 0.609143065625 0.3634262078125 0.61925964375 0.377044678125 0.6196487421875 0.3898849484375 0.61381225625 0.398834228125 0.600971984375 0.4011688234375 0.5877426140625001 0.4011688234375 0.5589492796875
11 0.5256805421874999 0.5145919796875 0.5256805421874999 0.499028015625 0.521011353125 0.4772384640625 0.5151748656249999 0.4690673828125 0.5035018921875001 0.4636199953125 0.488716125 0.46439819375 0.4723739625 0.47373657187499996 0.45875549375 0.4912460328125 0.45330810625 0.5091445921875 0.4525299078125 0.523930359375 0.457199096875 0.5371597296874999 0.46381378125 0.5437744140625 0.47782135 0.551556396875 0.487548828125 0.5519454953125 0.4980545046875 0.55 0.5105056765625 0.5422180171875 0.5194549562499999 0.5309341437499999 0.5256805421874999 0.5145919796875
11 0.4836578375 0.583073425 0.48287963906250003 0.5714004515625 0.4813232421875 0.5659530640625 0.47665405312500003 0.5605056765625 0.466926575 0.55311279375 0.44202423125 0.54688720625 0.4287948609375 0.54688720625 0.4108963015625 0.55311279375 0.40350341875 0.559727478125 0.40194702187500003 0.5628402703125001 0.40194702187500003 0.5963027953125 0.404281615625 0.6017501828125 0.415565490625 0.6099212640625 0.4280166625 0.6130340578125 0.44163513125 0.6126449578125001 0.459922790625 0.6083648687500001 0.4723739625 0.601361084375 0.48054504375 0.5924118046875 0.4836578375 0.583073425
11 0.407394409375 0.5036972046875 0.401557921875 0.49786071718749997 0.39144134531249997 0.4939697265625 0.376655578125 0.4939697265625 0.3634262078125 0.49708251875 0.3568115234375 0.5036972046875 0.3529205328125 0.5122573859374999 0.352142334375 0.523930359375 0.35369873125 0.5285995484375 0.356422425 0.53054504375 0.3673172 0.52821045 0.3828811640625 0.5297668453125 0.3957214359375 0.5426071171875 0.4011688234375 0.5558364874999999 0.40350341875 0.5573928828125 0.4136199953125 0.5496109015624999 0.41751098593749997 0.5410507203125 0.415954590625 0.5215957640625 0.407394409375 0.5036972046875
11 0.454086303125 0.5021408078125 0.46965026875 0.47179107656249997 0.465370178125 0.4690673828125 0.449028015625 0.465954590625 0.4381332390625 0.459729003125 0.4303512578125 0.459729003125 0.418678284375 0.465954590625 0.409729003125 0.4772384640625 0.407394409375 0.4857986453125 0.407394409375 0.499028015625 0.409729003125 0.5075881953125 0.418289184375 0.5215957640625 0.4373550421875 0.5398834234375001 0.445915221875 0.5445526125 0.45486450156249997 0.5441635125000001 0.457199096875 0.5426071171875 0.457199096875 0.5394943234375 0.45175170937500003 0.5231521609375 0.454086303125 0.5021408078125
11 0.6073913578125001 0.418873596875 0.6015548703125 0.409924315625 0.5875473015625 0.4013641359375 0.5758743281250001 0.39747314375 0.5610885624999999 0.39747314375 0.5478591921875 0.4029205328125 0.5365753171875001 0.4149826046875 0.5326843265625001 0.426655578125 0.534240721875 0.44455413750000006 0.5396881109375 0.4577835078125 0.5447463984375001 0.462841796875 0.55797576875 0.4690673828125 0.570816040625 0.4702346796875 0.5852127078125 0.465954590625 0.59649658125 0.4562271125 0.6073913578125001 0.43443756093749997 0.6073913578125001 0.418873596875
11 0.6050567625000001 0.523930359375 0.6042785640624999 0.5107009890625 0.6003875734374999 0.4982498171875 0.59143829375 0.4900787359375 0.581321715625 0.48618774374999996 0.56653595 0.4869659421875 0.5533065796875001 0.4939697265625 0.5428009031250001 0.5052536015625 0.533462525 0.523930359375 0.534240721875 0.53638153125 0.5408554078125001 0.5461090093750001 0.5571975703125001 0.553890990625 0.5731506343749999 0.554280090625 0.5820999140625001 0.5523345953125001 0.5961074828124999 0.5437744140625 0.6019439703125 0.53638153125 0.6050567625000001 0.523930359375
11 0.5669250484374999 0.5714004515625 0.5606994624999999 0.561283875 0.5392990109375 0.54688720625 0.531517028125 0.53599243125 0.5198440546875001 0.534436034375 0.506614684375 0.5476654046875 0.4910507203125 0.55311279375 0.487548828125 0.5566146843750001 0.4852142328125 0.56361846875 0.4867706296875 0.583073425 0.496109009375 0.59708099375 0.5120620734375 0.6099212640625 0.5354080203125 0.61925964375 0.5513610843750001 0.6188705437500001 0.5626449578125 0.6130340578125 0.5700378421875001 0.6017501828125 0.5715942375 0.590077209375 0.5669250484374999 0.5714004515625
11 0.6404647828125001 0.551556396875 0.6256790156250001 0.542996215625 0.6140060421875 0.540661621875 0.603889465625 0.54143981875 0.5793762203124999 0.55817108125 0.5723724359375 0.57217865 0.5723724359375 0.5822952265625 0.5754852296874999 0.5908554078125 0.5906600953125001 0.603695678125 0.606224059375 0.6114776609375 0.6229553218749999 0.6126449578125001 0.6381301875000001 0.606808471875 0.6501922609374999 0.5947463984375 0.6509704593750001 0.5643966671875 0.6404647828125001 0.551556396875
11 0.64630126875 0.4616745 0.6431884765625 0.4538925171875 0.6373519890625 0.44805602968749997 0.6272354124999999 0.443386840625 0.606224059375 0.43949585 0.6042785640624999 0.44066314687499997 0.595718384375 0.45933990468749997 0.5731506343749999 0.4733474734375 0.5782089234375001 0.47996215781249996 0.5976638796875 0.49241332968749996 0.6147842406249999 0.49786071718749997 0.621398925 0.49747161875 0.63034820625 0.49241332968749996 0.6392974859375 0.48346405 0.64630126875 0.46945648125000006 0.64630126875 0.4616745
11 0.5673141484374999 0.48618774374999996 0.5735397343749999 0.48540954531249997 0.5754852296874999 0.48346405 0.57470703125 0.4803512578125 0.570426940625 0.4760711671875 0.5634231562500001 0.472180175 0.5517501828125 0.4690673828125 0.5385208125000001 0.4690673828125 0.5299606328124999 0.471401978125 0.5225677484375 0.476460265625 0.5225677484375 0.48424224843749997 0.5264587406250001 0.5021408078125 0.5264587406250001 0.5177047734375 0.53073883125 0.5227630609375 0.533462525 0.5223739625 0.5428009031250001 0.504475403125 0.5517501828125 0.494747925 0.5603103640625 0.4893005375 0.5673141484374999 0.48618774374999996
11 0.5241241453125001 0.3636215203125 0.5225677484375 0.3729599 0.5233459468749999 0.38696746875 0.5295715328124999 0.401753234375 0.5354080203125 0.4083679203125 0.5389099125000001 0.40953521718749997 0.5478591921875 0.402142334375 0.555641175 0.39825134218749997 0.5727615359375 0.3959167484375 0.5754852296874999 0.39397125312500003 0.5793762203124999 0.38152008125000003 0.5793762203124999 0.3651779171875 0.5750961296875 0.35078125 0.533073425 0.35078125 0.5272369390625 0.35661773750000003 0.5241241453125001 0.3636215203125
11 0.5132293703124999 0.3667343140625 0.506614684375 0.36089782656249997 0.4964981078125 0.3570068359375 0.4832687375 0.3570068359375 0.470817565625 0.363232421875 0.462646484375 0.3776290890625 0.462646484375 0.3893020625 0.4770431515625 0.391247559375 0.488716125 0.3959167484375 0.4996109015625 0.4029205328125 0.5151748656249999 0.418484496875 0.5178985593750001 0.4180953984375 0.52178955 0.40720062187500006 0.52178955 0.385411071875 0.5202331546875001 0.3776290890625 0.5132293703124999 0.3667343140625
11 0.42996215781249997 0.41576080312499997 0.43074035625 0.406422425 0.421012878125 0.388134765625 0.4108963015625 0.38268737812500003 0.39766693124999997 0.3819091796875 0.38521575937499997 0.38657836875 0.374320984375 0.396694946875 0.366149903125 0.404866028125 0.36225891093749996 0.4173172 0.3669281 0.44221954375 0.38521575937499997 0.457394409375 0.3929977421875 0.459729003125 0.40350341875 0.45933990468749997 0.41945648125 0.45350341875 0.42529296875 0.44688873281249997 0.42373657187499997 0.429768371875 0.42996215781249997 0.41576080312499997
11 0.6198425296875001 0.396305846875 0.6085586546874999 0.3834655765625 0.5992202765625 0.3787963875 0.5968856812500001 0.3780181890625 0.58054351875 0.3819091796875 0.5762634281250001 0.396305846875 0.5782089234375001 0.39825134218749997 0.5937728875 0.40369873125 0.6073913578125001 0.4149826046875 0.608947753125 0.42587737968750006 0.6073913578125001 0.4375503546875 0.615173340625 0.43832855156250006 0.617897034375 0.4371612546875 0.6237335203125001 0.429768371875 0.6229553218749999 0.406422425 0.6198425296875001 0.396305846875