11 0.32563781718749996 0.359954834375 0.275650025 0.3623352046875 0.257797240625 0.373046875 0.2417297359375 0.3926849359375 0.23696899375 0.4176788328125 0.24053955 0.4379119875 0.2530364984375 0.451599121875 0.31314086875 0.4557647703125 0.3583679203125 0.4045867921875 0.3583679203125 0.38792419375 0.3434906 0.36947631875 0.32563781718749996 0.359954834375
11 0.3202819828125 0.47242736875 0.2816009515625 0.45040893593750003 0.2530364984375 0.4539794921875 0.2322082515625 0.4676666265625 0.2107849125 0.4998016359375 0.201263428125 0.5319366453125001 0.201263428125 0.5640716546875 0.208404540625 0.5795440671875001 0.22209167500000002 0.5872802734375 0.2560119625 0.5890655515625001 0.285171509375 0.5789489750000001 0.3024292 0.5640716546875 0.330993653125 0.5128936765625001 0.3202819828125 0.47242736875
11 0.4113311765625 0.39923095625 0.39228820781249996 0.394470215625 0.372055053125 0.398040771875 0.3369445796875 0.4272003171875 0.325042725 0.4557647703125 0.325042725 0.475997925 0.33575439375 0.4962310796875 0.350036621875 0.500991821875 0.4018096921875 0.49920654375 0.445251465625 0.4593353265625 0.43930053750000003 0.42601013125 0.4113311765625 0.39923095625
11 0.43572998125 0.5462188718750001 0.42739868124999997 0.5259857171875 0.4113311765625 0.5122985843750001 0.3899078375 0.5003967281249999 0.3661041265625 0.496826171875 0.34468078593749996 0.503967284375 0.32861328125 0.520034790625 0.316711425 0.5426483156249999 0.3143310546875 0.5724029546875 0.330993653125 0.6271514890625001 0.3470611578125 0.6396484375 0.37384033125 0.6414337156250001 0.399429321875 0.630126953125 0.41787719687499997 0.6104888921875 0.43453979531250003 0.5712127687499999 0.43572998125 0.5462188718750001
11 0.5845031734374999 0.5735931390625 0.5702209468749999 0.5450286859375 0.5505828859374999 0.527770996875 0.5291595453125 0.5206298828125 0.5005950921875 0.5218200687500001 0.4684600828125 0.53729248125 0.44882202187500003 0.5593109125 0.4381103515625 0.5890655515625001 0.440490721875 0.61643981875 0.4577484125 0.642028809375 0.5071411125 0.645004271875 0.5315399171874999 0.642028809375 0.56129455625 0.6289367671874999 0.5833129875 0.5997772218749999 0.5845031734374999 0.5735931390625
11 0.5487976078125001 0.4867095953125 0.5464172359374999 0.4652862546875 0.5255889890625001 0.44326782187499997 0.5101165765625 0.43612670937500003 0.473220825 0.439697265625 0.448226928125 0.45755004843749997 0.41787719687499997 0.4914703375 0.4190673828125 0.5164642328125 0.444656371875 0.5396728515625 0.4619140625 0.5414581296875001 0.498214721875 0.5218200687500001 0.532730103125 0.5194396968749999 0.5428466796875 0.5069427484375 0.5487976078125001 0.4867095953125
11 0.5178527828124999 0.38554382343750004 0.5083312984374999 0.36174011250000004 0.49226379375 0.3432922359375 0.4684600828125 0.33139038125 0.4434661859375 0.33139038125 0.41311645468749997 0.3545989984375 0.407165528125 0.3914947515625 0.4553680421875 0.44326782187499997 0.46310424843750003 0.4450531 0.4815521234375 0.43612670937500003 0.5071411125 0.43434143125 0.516662596875 0.412918090625 0.5178527828124999 0.38554382343750004
11 0.6154479984375001 0.39506530781250004 0.5934295656249999 0.373046875 0.572006225 0.367095946875 0.551773071875 0.3718566890625 0.5321350093749999 0.38792419375 0.51904296875 0.424819946875 0.5202331546875001 0.4391021734375 0.5422515875 0.46112060625 0.5630798343750001 0.4688568109375 0.5850982671875 0.44921875 0.6112823484375001 0.439697265625 0.6190185546875 0.4212493890625 0.6154479984375001 0.39506530781250004
11 0.6934051515624999 0.3623352046875 0.6707916265625 0.35400390625 0.638656615625 0.3623352046875 0.6202087406250001 0.38792419375 0.6249694828125001 0.4402923578125 0.6606750484374999 0.4617156984375 0.7005462640625 0.4420776375 0.7154235843750001 0.4152984625 0.707092284375 0.37602233906250004 0.6934051515624999 0.3623352046875
11 0.661865234375 0.485519409375 0.6559143062499999 0.4688568109375 0.6267547609374999 0.44326782187499997 0.6029510499999999 0.4420776375 0.5827178953125001 0.451599121875 0.5487976078125001 0.49861145 0.5511779781249999 0.5236053468749999 0.5660552984375 0.5361022953125001 0.5779571531250001 0.5325317375 0.5904541015625 0.5450286859375 0.6219940187499999 0.5218200687500001 0.6529388421875 0.5146789546874999 0.6594848625 0.5045623781249999 0.661865234375 0.485519409375
11 0.6993560796875 0.5289611812499999 0.6815032953125 0.5182495125 0.6267547609374999 0.5206298828125 0.6041412359375 0.5337219234374999 0.58807373125 0.5569305421874999 0.58807373125 0.5819244390625 0.597595215625 0.6140594484374999 0.6243743890625 0.632507325 0.649963378125 0.6331024171874999 0.6922149656250001 0.61346435625 0.7106628421875001 0.5819244390625 0.7106628421875001 0.5462188718750001 0.6993560796875 0.5289611812499999
11 0.7915954593750001 0.4914703375 0.7796936031249999 0.4712371828125 0.7481536859375 0.44802856406249997 0.7183990484375 0.4420776375 0.6898345953125 0.44564819375000003 0.661865234375 0.470046996875 0.6749572749999999 0.5128936765625001 0.7035217281249999 0.5319366453125001 0.7160186765625001 0.55633545 0.7427978515625 0.5616912843749999 0.7671966546875 0.5551452640625001 0.7808837890625 0.5438385015625 0.79278564375 0.521224975 0.7915954593750001 0.4914703375