0 0.563796875 0.30121875 0.240453125 0.14409374999999996
0 0.25478125 0.33637500000000004 0.23003125000000005 0.165796875
0 0.29990625 0.592875 0.33246875 0.1649375000000001
0 0.509109375 0.640625 0.19010937499999994 0.16840624999999995
0 0.3901875 0.47221875 0.2178750000000001 0.12326562499999998
0 0.05 0.6 0.1 0.21875
0 0.1015625 0.73984375 0.203125 0.1296875
0 0.12153125000000001 0.424046875 0.21354687500000002 0.25434375
0 0.5859375 0.54209375 0.14582812500000006 0.1328125
0 0.54209375 0.40146875 0.24565625000000005 0.23176562500000006
0 0.398875 0.291671875 0.13628125000000005 0.13193749999999999