0 0.40340625 0.38210937500000003 0.40625 0.2727343750000001
0 0.48082812500000005 0.209515625 0.22585937499999992 0.19460937500000003
0 0.34943749999999996 0.22159374999999998 0.29545312500000004 0.21306250000000002
0 0.655546875 0.227984375 0.2258593750000001 0.21732812499999996
0 0.762078125 0.545453125 0.2002812500000001 0.18181250000000002
0 0.49006249999999996 0.76775 0.25 0.21732812499999987
0 0.15625 0.703125 0.3125 0.29375
0 0.14275 0.49929687500000003 0.245734375 0.2741406249999999
0 0.31037499999999996 0.683953125 0.22585937499999992 0.390625
0 0.617890625 0.735078125 0.29260937499999995 0.2258593750000001
0 0.51846875 0.571734375 0.26135937499999995 0.24573437499999998
0 0.8953125 0.51875 0.209375 0.365625
0 0.8345156250000001 0.29118750000000004 0.2741406250000001 0.27556250000000004
0 0.647734375 0.38635937499999995 0.29829687499999996 0.24431250000000002