3 0.523140625 0.44223437499999996 0.018703125000000043 0.03829687499999999
3 0.525484375 0.5411406249999999 0.019437499999999906 0.047265625
3 0.485046875 0.589203125 0.025765625000000014 0.040593750000000026
3 0.61853125 0.5385625 0.015953125000000058 0.04087499999999995
3 0.396015625 0.43453125000000004 0.015796875000000023 0.05387500000000003
3 0.6087187500000001 0.46485937499999996 0.016953125000000034 0.058249999999999955
3 0.468375 0.44106249999999997 0.016437499999999973 0.05293749999999999
3 0.43340625 0.42992187499999995 0.019484375000000043 0.04957812500000003
3 0.3675625 0.48515625 0.026187499999999985 0.05289062500000004
3 0.373140625 0.588359375 0.020609374999999996 0.05060937499999998
3 0.396296875 0.554609375 0.020046875000000065 0.031093749999999965
3 0.4216875 0.580265625 0.020609375000000086 0.035546875
3 0.45014062500000007 0.573578125 0.021718749999999964 0.04001562500000002
3 0.45628124999999997 0.51109375 0.016140625000000065 0.032234374999999996
3 0.4180625 0.49184374999999997 0.021156249999999942 0.04284375000000011
3 0.49924999999999997 0.5144375 0.018359375 0.07351562499999993
3 0.565921875 0.498265625 0.028953124999999958 0.05679687500000004
3 0.5536562500000001 0.570234375 0.01779687499999998 0.051171875
3 0.5868437500000001 0.56659375 0.030625000000000034 0.05842187499999998
3 0.578765625 0.44025 0.028953124999999958 0.052359374999999986