11 0.28636169375 0.413513184375 0.307189940625 0.4200592046875 0.323257446875 0.41470336874999997 0.3428955078125 0.39625549375 0.3559875484375 0.37007141093749996 0.3583679203125 0.32722473124999996 0.342300415625 0.296875 0.28398132343750004 0.296875 0.265533446875 0.3248443609375 0.2631530765625 0.3534088140625 0.2702941890625 0.39030456562500004 0.28636169375 0.413513184375
11 0.3863372796875 0.418273925 0.370269775 0.435531615625 0.3619384765625 0.4593353265625 0.3678894046875 0.5045623781249999 0.37919616718750004 0.5218200687500001 0.3940734859375 0.5236053468749999 0.4137115484375 0.515869140625 0.42739868124999997 0.50218200625 0.44287109375 0.4688568109375 0.440490721875 0.4391021734375 0.4149017328125 0.4111328125 0.3863372796875 0.418273925
11 0.5386810296875 0.309967040625 0.5273742671874999 0.3248443609375 0.51904296875 0.36650085468750004 0.5345153812500001 0.4105377203125 0.5482025140625 0.4254150390625 0.566650390625 0.4331512453125 0.5839080812499999 0.42660522500000003 0.6011657718750001 0.4045867921875 0.6059265140625001 0.35102844218749996 0.58807373125 0.31175231875 0.5577239984375 0.299255371875 0.5386810296875 0.309967040625
11 0.445251465625 0.45695495625 0.42739868124999997 0.5069427484375 0.43692016562499997 0.5450286859375 0.44703674375 0.5551452640625001 0.459533690625 0.5569305421874999 0.48214721718750003 0.5438385015625 0.502380371875 0.5033721921875001 0.497619628125 0.4676666265625 0.4803619390625 0.44921875 0.456558228125 0.44921875 0.445251465625 0.45695495625
11 0.5160675046875001 0.572998046875 0.5392761234375001 0.577163696875 0.5523681640625 0.568832396875 0.528564453125 0.530746459375 0.5077362062499999 0.5111083984375 0.5011901859375001 0.5176544187500001 0.5035705562499999 0.5569305421874999 0.5160675046875001 0.572998046875
11 0.5196380609375 0.484924315625 0.51190185625 0.4974212640625 0.55712890625 0.5605010984375001 0.5630798343750001 0.5616912843749999 0.5845031734374999 0.5378875734374999 0.58807373125 0.5176544187500001 0.5797424312499999 0.492660521875 0.5660552984375 0.47540283125 0.5410614015624999 0.4730224609375 0.5196380609375 0.484924315625
11 0.46072387656249997 0.577163696875 0.452392578125 0.6176300046875001 0.47024536093749997 0.6438140875 0.47976684531249997 0.6759490968749999 0.5047607421875 0.6783294671875 0.5249938968750001 0.6461944578125001 0.52618408125 0.6081085203125001 0.5142822265625 0.5747833250000001 0.49583435 0.5599060062500001 0.4839324953125 0.5599060062500001 0.46072387656249997 0.577163696875
11 0.391693115625 0.6616668703124999 0.398834228125 0.6997528078124999 0.47262573281250003 0.702133178125 0.47738647500000003 0.6652374265625001 0.46310424843750003 0.6354827875 0.4434661859375 0.62060546875 0.4232330328125 0.6217956546875001 0.40895080625 0.630126953125 0.391693115625 0.6616668703124999
11 0.3524169921875 0.59739685 0.3464660640625 0.6212005609375 0.3488464359375 0.6414337156250001 0.37384033125 0.653335571875 0.39347839375000004 0.64678955 0.42501831093750003 0.615249634375 0.42739868124999997 0.5759735109374999 0.40895080625 0.5575256343749999 0.38276672343749996 0.561096190625 0.3524169921875 0.59739685
11 0.24887085 0.6188201906249999 0.22209167500000002 0.5968017578125 0.1953125 0.6021575921875 0.1953125 0.702133178125 0.2107849125 0.702133178125 0.246490478125 0.672378540625 0.2560119625 0.6485748296875 0.24887085 0.6188201906249999
11 0.49642944375000003 0.6949920656249999 0.509521484375 0.70094299375 0.5297546390625001 0.6902313234374999 0.5392761234375001 0.6699981687500001 0.5392761234375001 0.6485748296875 0.5279693609375 0.62060546875 0.5226135249999999 0.65452575625 0.49642944375000003 0.6949920656249999