9 0.7763671875 0 0.744140625 0.0341796875 0.634765625 0.1982421875 0.5478515625 0.298828125 0.5126953125 0.32421875 0.5078125 0.3232421875 0.509765625 0.3095703125 0.5048828125 0.3046875 0.50390625 0.3330078125 0.4736328125 0.3515625 0.46484375 0.3603515625 0.4619140625 0.375 0.3154296875 0.462890625 0.3056640625 0.484375 0.275390625 0.4970703125 0.275390625 0.5185546875 0.287109375 0.5322265625 0.28515625 0.5458984375 0.30078125 0.5712890625 0.298828125 0.5947265625 0.3046875 0.6064453125 0.3154296875 0.611328125 0.3232421875 0.60546875 0.3369140625 0.62890625 0.3779296875 0.6015625 0.365234375 0.6298828125 0.3671875 0.6396484375 0.375 0.6416015625 0.400390625 0.6044921875 0.51171875 0.4912109375 0.5166015625 0.4765625 0.5234375 0.4794921875 0.5224609375 0.486328125 0.533203125 0.4873046875 0.537109375 0.5068359375 0.5439453125 0.5078125 0.5390625 0.4775390625 0.544921875 0.4560546875 0.7119140625 0.328125 0.8466796875 0.28515625 0.9169921875 0.28125 1 0.2919921875 1 0.2822265625 0.9931640625 0.27734375 0.9208984375 0.2578125 0.8720703125 0.255859375 0.80078125 0.2626953125 0.86328125 0.2041015625 0.8896484375 0.16796875 0.8388671875 0.197265625 0.7216796875 0.287109375 0.6953125 0.2919921875 0.748046875 0.2275390625 0.8095703125 0.181640625 0.83203125 0.1533203125 0.82421875 0.1376953125 0.8310546875 0.109375 0.7939453125 0.154296875 0.74609375 0.1748046875 0.80078125 0.1123046875 0.833984375 0.0478515625 0.8310546875 0.0390625 0.8115234375 0.068359375 0.8037109375 0.05859375 0.7802734375 0.080078125 0.7734375 0.0791015625 0.775390625 0.0576171875 0.79296875 0.0185546875 0.7900390625 0 0.7763671875 0
9 0.4609375 0.6533203125 0.4462890625 0.640625 0.4375 0.6513671875 0.43359375 0.6708984375 0.453125 0.6748046875 0.4609375 0.6533203125
9 0.607421875 0.4814453125 0.5830078125 0.46875 0.57421875 0.4755859375 0.57421875 0.4912109375 0.591796875 0.4990234375 0.607421875 0.4814453125
9 0.775390625 0.4150390625 0.78125 0.4111328125 0.78125 0.3896484375 0.7666015625 0.37890625 0.755859375 0.3857421875 0.75390625 0.4013671875 0.775390625 0.4150390625
9 0.759765625 0.5224609375 0.7353515625 0.5 0.72265625 0.5126953125 0.72265625 0.5263671875 0.744140625 0.5400390625 0.759765625 0.5224609375
9 0.771484375 0.4580078125 0.7861328125 0.478515625 0.798828125 0.4775390625 0.806640625 0.4755859375 0.806640625 0.4658203125 0.796875 0.4482421875 0.7822265625 0.439453125 0.7734375 0.4462890625 0.771484375 0.4580078125
9 0.4921875 0.6025390625 0.494140625 0.5830078125 0.4755859375 0.57421875 0.45703125 0.6064453125 0.48046875 0.6201171875 0.4921875 0.6025390625
9 0.658203125 0.4189453125 0.677734375 0.4326171875 0.6875 0.4248046875 0.69140625 0.4052734375 0.6826171875 0.388671875 0.6728515625 0.390625 0.65625 0.4072265625 0.658203125 0.4189453125
9 0.708984375 0.4775390625 0.716796875 0.4677734375 0.716796875 0.4365234375 0.6943359375 0.427734375 0.69140625 0.4677734375 0.7001953125 0.478515625 0.708984375 0.4775390625
9 0.673828125 0.4814453125 0.6630859375 0.453125 0.630859375 0.4658203125 0.638671875 0.4892578125 0.654296875 0.4951171875 0.673828125 0.4814453125
9 0.6875 0.5263671875 0.6953125 0.5498046875 0.703125 0.5537109375 0.71875 0.5458984375 0.71875 0.5263671875 0.705078125 0.4931640625 0.6962890625 0.490234375 0.6875 0.5068359375 0.6875 0.5263671875
9 0.5234375 0.6318359375 0.541015625 0.6708984375 0.5478515625 0.677734375 0.560546875 0.6767578125 0.568359375 0.6708984375 0.5625 0.6494140625 0.546875 0.6103515625 0.5322265625 0.603515625 0.521484375 0.6123046875 0.5234375 0.6318359375
9 0.61328125 0.5654296875 0.626953125 0.5888671875 0.650390625 0.6064453125 0.66015625 0.5869140625 0.64453125 0.5654296875 0.650390625 0.5341796875 0.6298828125 0.5234375 0.615234375 0.5380859375 0.61328125 0.5654296875