11 0.2328125 0.75390625 0.2640625 0.73359375 0.290625 0.68828125 0.2921875 0.64765625 0.2796875 0.60859375 0.23125 0.53359375 0.190625 0.48984375 0.1390625 0.45703125 0.0953125 0.45234375 0.0703125 0.45859375 0.0703125 0.72109375 0.0921875 0.73984375 0.140625 0.75859375 0.2046875 0.76171875 0.2328125 0.75390625
11 0.14375 0.41796875 0.1625 0.45546875 0.2078125 0.50859375 0.25 0.54140625 0.3171875 0.56484375 0.3796875 0.56328125 0.4359375 0.53359375 0.4625 0.49921875 0.4640625 0.48671875 0.459375 0.45078125 0.440625 0.41953125 0.4125 0.39453125 0.3453125 0.35546875 0.29375 0.33828125 0.25 0.33359375 0.19375 0.34296875 0.1703125 0.35390625 0.1484375 0.37578125 0.140625 0.39453125 0.14375 0.41796875
11 0.296875 0.30546875 0.33125 0.35078125 0.40625 0.39453125 0.4515625 0.39609375 0.4875 0.38671875 0.521875 0.36015625 0.540625 0.33046875 0.5453125 0.30078125 0.5328125 0.26640625 0.5 0.23359375 0.4515625 0.20546875 0.4109375 0.19140625 0.3671875 0.18984375 0.3171875 0.20859375 0.2953125 0.22734375 0.2859375 0.24921875 0.2859375 0.27734375 0.296875 0.30546875
11 0.5125 0.24609375 0.5328125 0.27109375 0.5671875 0.26796875 0.5890625 0.25390625 0.6140625 0.22578125 0.621875 0.20390625 0.6203125 0.17734375 0.3765625 0.17734375 0.371875 0.18671875 0.43125 0.19765625 0.4796875 0.22265625 0.5125 0.24609375
11 0.2640625 0.73359375 0.2140625 0.75703125 0.1375 0.76171875 0.109375 0.80390625 0.1078125 0.82265625 0.4296875 0.82265625 0.4109375 0.80078125 0.3859375 0.78671875 0.3015625 0.74453125 0.2640625 0.73359375
11 0.653125 0.29140625 0.7203125 0.34296875 0.7453125 0.34140625 0.7765625 0.31796875 0.7921875 0.29296875 0.8 0.26015625 0.796875 0.23359375 0.7796875 0.21171875 0.7125 0.17890625 0.61875 0.17734375 0.61875 0.20234375 0.6109375 0.22578125 0.5796875 0.25859375 0.578125 0.26796875 0.653125 0.29140625
11 0.4859375 0.39296875 0.49375 0.40703125 0.578125 0.43515625 0.646875 0.47421875 0.690625 0.46796875 0.7265625 0.44921875 0.74375 0.41171875 0.74375 0.38046875 0.7265625 0.34609375 0.6875 0.31015625 0.653125 0.28828125 0.6078125 0.27265625 0.565625 0.26796875 0.5359375 0.27578125 0.540625 0.31796875 0.51875 0.35859375 0.4890625 0.38203125 0.4859375 0.39296875
11 0.4453125 0.52109375 0.409375 0.54921875 0.4078125 0.55703125 0.546875 0.62109375 0.6046875 0.61953125 0.6359375 0.61015625 0.6609375 0.59296875 0.6734375 0.56953125 0.678125 0.51953125 0.6671875 0.49609375 0.640625 0.46953125 0.55 0.42265625 0.5078125 0.41171875 0.4640625 0.41015625 0.44375 0.41328125 0.4390625 0.41953125 0.45625 0.45078125 0.4609375 0.49453125 0.4453125 0.52109375
11 0.26875 0.73203125 0.3984375 0.79453125 0.4484375 0.79609375 0.4875 0.78984375 0.540625 0.76328125 0.5640625 0.73359375 0.5703125 0.71640625 0.571875 0.66796875 0.5578125 0.63359375 0.53125 0.61171875 0.4671875 0.58359375 0.4078125 0.56640625 0.359375 0.56328125 0.2921875 0.56484375 0.2625 0.57578125 0.290625 0.64921875 0.2875 0.69296875 0.26875 0.73203125
11 0.4953125 0.78671875 0.4046875 0.79453125 0.4 0.79921875 0.428125 0.82265625 0.6546875 0.82265625 0.6171875 0.79453125 0.565625 0.76953125 0.5375 0.76328125 0.4953125 0.78671875
11 0.5640625 0.73515625 0.54375 0.76484375 0.6390625 0.81015625 0.7109375 0.80390625 0.73125 0.79296875 0.7640625 0.75390625 0.775 0.71953125 0.771875 0.69140625 0.7578125 0.67109375 0.7140625 0.63984375 0.6390625 0.60859375 0.596875 0.62109375 0.5484375 0.62421875 0.5640625 0.64765625 0.5703125 0.68828125 0.5640625 0.73515625
11 0.64375 0.61015625 0.6609375 0.61328125 0.7390625 0.65703125 0.775 0.65390625 0.8234375 0.63046875 0.8453125 0.60234375 0.853125 0.57578125 0.85 0.54609375 0.8359375 0.52265625 0.809375 0.50078125 0.7546875 0.47578125 0.7125 0.46484375 0.675 0.46484375 0.6421875 0.46953125 0.671875 0.51171875 0.6671875 0.57265625 0.659375 0.59296875 0.64375 0.61015625
11 0.7 0.46171875 0.7015625 0.46640625 0.78125 0.49296875 0.83125 0.52109375 0.8625 0.51328125 0.8875 0.49609375 0.9046875 0.46328125 0.90625 0.42890625 0.8859375 0.40078125 0.809375 0.36171875 0.753125 0.34609375 0.73125 0.34609375 0.728125 0.35703125 0.7390625 0.37421875 0.7390625 0.41640625 0.725 0.44765625 0.7 0.46171875
11 0.8359375 0.23984375 0.8046875 0.23828125 0.7984375 0.24296875 0.796875 0.26953125 0.78125 0.30859375 0.7390625 0.34296875 0.8265625 0.37109375 0.878125 0.39921875 0.896875 0.39609375 0.9296875 0.35390625 0.9296875 0.31171875 0.921875 0.29296875 0.896875 0.26640625 0.8640625 0.24921875 0.8359375 0.23984375
11 0.765625 0.20703125 0.796875 0.23203125 0.8484375 0.20859375 0.8703125 0.18046875 0.703125 0.17734375 0.765625 0.20703125
11 0.1296875 0.31953125 0.1484375 0.30859375 0.2 0.29453125 0.2046875 0.28828125 0.2015625 0.25703125 0.234375 0.22109375 0.2328125 0.19453125 0.225 0.17890625 0.10625 0.17734375 0.0875 0.20234375 0.071875 0.24140625 0.0859375 0.25859375 0.1078125 0.31171875 0.1296875 0.31953125
11 0.303125 0.32265625 0.30625 0.31484375 0.290625 0.28203125 0.290625 0.25234375 0.296875 0.23359375 0.31875 0.21171875 0.321875 0.20078125 0.2765625 0.19921875 0.221875 0.22890625 0.20625 0.24453125 0.1984375 0.27265625 0.23125 0.30859375 0.303125 0.32265625
11 0.1390625 0.41015625 0.1546875 0.37578125 0.1921875 0.34609375 0.2359375 0.33828125 0.3265625 0.34296875 0.3109375 0.32265625 0.2765625 0.31171875 0.2265625 0.30234375 0.1703125 0.30234375 0.134375 0.31328125 0.109375 0.34453125 0.1109375 0.38984375 0.128125 0.40859375 0.1390625 0.41015625
11 0.11875 0.40234375 0.0703125 0.39609375 0.0703125 0.46171875 0.128125 0.45859375 0.1859375 0.48046875 0.14375 0.41484375 0.11875 0.40234375