11 0.38046875 0.621875 0.39453125 0.640625 0.41015625 0.646875 0.42109375 0.646875 0.42578125 0.6390625 0.43984375 0.64375 0.45234375 0.634375 0.46484375 0.6078125 0.46953125 0.5765625 0.46796875 0.5484375 0.46015625 0.5296875 0.43515625 0.5078125 0.41796875 0.50625 0.39921875 0.521875 0.37734375 0.5546875 0.37109375 0.575 0.37109375 0.6 0.38046875 0.621875
11 0.50546875 0.6484375 0.51953125 0.6484375 0.52265625 0.6375 0.53046875 0.6515625 0.55390625 0.6265625 0.55390625 0.578125 0.52734375 0.53125 0.51015625 0.5171875 0.49609375 0.5171875 0.47890625 0.5265625 0.46953125 0.540625 0.46796875 0.596875 0.48984375 0.6390625 0.50546875 0.6484375
11 0.55859375 0.590625 0.55234375 0.6328125 0.52890625 0.65625 0.64609375 0.65625 0.63828125 0.6296875 0.62265625 0.6109375 0.59453125 0.5953125 0.55859375 0.590625
11 0.62421875 0.5953125 0.63515625 0.58125 0.63671875 0.5625 0.62421875 0.5390625 0.61328125 0.5296875 0.58046875 0.5203125 0.55859375 0.5015625 0.54453125 0.5015625 0.53359375 0.5109375 0.53046875 0.5359375 0.55390625 0.5796875 0.58828125 0.5953125 0.62421875 0.5953125
11 0.58203125 0.521875 0.61796875 0.53125 0.63046875 0.5453125 0.62109375 0.521875 0.64140625 0.515625 0.64609375 0.50625 0.64921875 0.484375 0.64140625 0.4625 0.61796875 0.440625 0.57109375 0.43125 0.56171875 0.4359375 0.55234375 0.459375 0.55234375 0.48125 0.56015625 0.5015625 0.58203125 0.521875
11 0.57265625 0.4 0.57109375 0.4140625 0.58515625 0.4296875 0.63359375 0.4484375 0.63203125 0.4421875 0.65703125 0.4375 0.65703125 0.375 0.62421875 0.3703125 0.60546875 0.3734375 0.58515625 0.3859375 0.57265625 0.4
11 0.56171875 0.440625 0.55546875 0.4234375 0.53671875 0.4125 0.51015625 0.4125 0.49296875 0.428125 0.49609375 0.4515625 0.52109375 0.4671875 0.54921875 0.4625 0.56171875 0.440625
11 0.49453125 0.51875 0.51484375 0.4921875 0.50390625 0.4578125 0.47578125 0.44375 0.45234375 0.4515625 0.43046875 0.4875 0.43359375 0.50625 0.46015625 0.5234375 0.49453125 0.51875
11 0.44765625 0.45625 0.39296875 0.4453125 0.36796875 0.45625 0.34296875 0.4765625 0.34296875 0.5265625 0.37734375 0.5296875 0.39765625 0.521875 0.42109375 0.5015625 0.44765625 0.45625
11 0.42265625 0.453125 0.45078125 0.4515625 0.48359375 0.4359375 0.50859375 0.4125 0.50078125 0.3984375 0.48671875 0.390625 0.44140625 0.384375 0.43515625 0.4046875 0.41640625 0.428125 0.37890625 0.4453125 0.39609375 0.440625 0.42265625 0.453125
11 0.51484375 0.409375 0.54140625 0.415625 0.56796875 0.4078125 0.57890625 0.3921875 0.57109375 0.3640625 0.55078125 0.3515625 0.51796875 0.3484375 0.49921875 0.3578125 0.51484375 0.3796875 0.49296875 0.38125 0.49921875 0.396875 0.51484375 0.409375
11 0.62890625 0.3703125 0.65703125 0.375 0.65703125 0.34375 0.56484375 0.34375 0.55859375 0.353125 0.58046875 0.3734375 0.60234375 0.3765625 0.62890625 0.3703125