11 0.38828125 0.60625 0.41484375 0.6328125 0.42890625 0.6328125 0.43203125 0.6265625 0.45078125 0.628125 0.46484375 0.6078125 0.47109375 0.584375 0.47109375 0.5453125 0.46484375 0.528125 0.44453125 0.509375 0.42421875 0.50625 0.38828125 0.55 0.38203125 0.5734375 0.38828125 0.60625
11 0.47421875 0.5921875 0.48359375 0.615625 0.49765625 0.63125 0.51796875 0.634375 0.52578125 0.6421875 0.55078125 0.615625 0.55234375 0.5828125 0.53046875 0.534375 0.51484375 0.51875 0.50078125 0.5140625 0.48046875 0.525 0.47109375 0.540625 0.47421875 0.5921875
11 0.54921875 0.5703125 0.58046875 0.5859375 0.61171875 0.5859375 0.62421875 0.5703125 0.62421875 0.55625 0.61171875 0.534375 0.57421875 0.5203125 0.55546875 0.503125 0.53984375 0.503125 0.53046875 0.5140625 0.52890625 0.534375 0.54921875 0.5703125
11 0.58828125 0.5875 0.55234375 0.578125 0.54765625 0.6234375 0.52734375 0.6421875 0.63359375 0.6421875 0.61484375 0.603125 0.58828125 0.5875
11 0.54765625 0.4875 0.55703125 0.50625 0.59296875 0.528125 0.61015625 0.5296875 0.61171875 0.5171875 0.62890625 0.525 0.63671875 0.4875 0.62265625 0.45625 0.59453125 0.440625 0.56328125 0.4375 0.55546875 0.440625 0.54609375 0.4671875 0.54765625 0.4875
11 0.44140625 0.509375 0.46328125 0.521875 0.49921875 0.5140625 0.51328125 0.4921875 0.50234375 0.4609375 0.49140625 0.4515625 0.47265625 0.45 0.45078125 0.4609375 0.43671875 0.4890625 0.44140625 0.509375
11 0.35859375 0.525 0.38046875 0.528125 0.39921875 0.5234375 0.43203125 0.4953125 0.44921875 0.459375 0.40390625 0.4484375 0.37734375 0.459375 0.35703125 0.4765625 0.35859375 0.525
11 0.49453125 0.39375 0.49765625 0.403125 0.51640625 0.41875 0.55703125 0.4203125 0.57265625 0.3984375 0.56640625 0.378125 0.54453125 0.3640625 0.51328125 0.3625 0.49921875 0.36875 0.50859375 0.3921875 0.49453125 0.39375
11 0.58046875 0.4375 0.61171875 0.4484375 0.64140625 0.44375 0.64296875 0.3859375 0.60390625 0.3828125 0.57265625 0.4 0.56484375 0.425 0.58046875 0.4375
11 0.57734375 0.3859375 0.64296875 0.3859375 0.64296875 0.3578125 0.56015625 0.3578125 0.55546875 0.3671875 0.57734375 0.3859375
11 0.43203125 0.4296875 0.40859375 0.44375 0.41015625 0.4515625 0.42578125 0.4578125 0.45703125 0.45625 0.48515625 0.4421875 0.50859375 0.4203125 0.50078125 0.40625 0.48515625 0.3984375 0.45390625 0.39375 0.44453125 0.396875 0.44296875 0.4125 0.43203125 0.4296875