11 0 0.921875 0.2125 0.921875 0.246875 0.9 0.2640625 0.8609375 0.2609375 0.8453125 0.2515625 0.84375 0.253125 0.828125 0.2421875 0.81875 0.246875 0.80625 0.24375 0.771875 0.2046875 0.7421875 0.1609375 0.721875 0.028125 0.7015625 0 0.7079545453125 0 0.921875
11 0.2453125 0.81875 0.2859375 0.865625 0.3515625 0.8921875 0.378125 0.91875 0.4140625 0.921875 0.425 0.915625 0.45 0.915625 0.509375 0.9203125 0.5859375 0.909375 0.61875 0.890625 0.65625 0.8515625 0.66875 0.8140625 0.6453125 0.7609375 0.609375 0.7296875 0.58125 0.7140625 0.5203125 0.69375 0.4296875 0.6796875 0.3921875 0.6796875 0.3203125 0.7 0.28125 0.725 0.25625 0.753125 0.2453125 0.778125 0.2453125 0.81875
11 1 0.7210625 0.934375 0.6921875 0.8640625 0.675 0.7453125 0.6734375 0.70625 0.68125 0.68125 0.69375 0.6640625 0.709375 0.653125 0.73125 0.65 0.7625 0.6625 0.803125 0.6796875 0.8265625 0.7046875 0.8453125 0.784375 0.878125 0.8546875 0.89375 0.9 0.8953125 1 0.875594190625 1 0.7210625
11 1 0.4328125 0.9421875 0.4484375 0.9140625 0.465625 0.9 0.484375 0.8953125 0.51875 0.946875 0.5875 1 0.6104403406250001 1 0.4328125
11 0.5984375 0.5953125 0.61875 0.615625 0.68125 0.65 0.7359375 0.6703125 0.75625 0.671875 0.8546875 0.6671875 0.8921875 0.6546875 0.9234375 0.63125 0.9359375 0.609375 0.9375 0.578125 0.9125 0.5390625 0.875 0.50625 0.8125 0.475 0.740625 0.459375 0.671875 0.4546875 0.6328125 0.465625 0.59375 0.490625 0.575 0.53125 0.5796875 0.5640625 0.5984375 0.5953125
11 0.2578125 0.5609375 0.275 0.5921875 0.3171875 0.634375 0.353125 0.6578125 0.41875 0.678125 0.5390625 0.6953125 0.6265625 0.6890625 0.609375 0.6765625 0.625 0.6515625 0.628125 0.6234375 0.5578125 0.5375 0.46875 0.4828125 0.3484375 0.45625 0.315625 0.4625 0.284375 0.4796875 0.271875 0.49375 0.25625 0.5328125 0.2578125 0.5609375
11 0 0.6902300875 0.036818534375 0.706103621875 0.11123274999999999 0.7105659296875 0.2273188453125 0.7105659296875 0.28685017031250004 0.662967925 0.309174328125 0.6376813390625 0.2764321109375 0.59752039375 0.240713340625 0.5290981109375 0.13206875 0.5082738906250001 0.041283484375 0.5052990203125 0 0.52410111875 0 0.6902300875
11 0 0.487462534375 0.0844436421875 0.49934933593749997 0.1826702921875 0.514223753125 0.29429155625000003 0.4696004421875 0.334475159375 0.4428264796875 0.3076860515625 0.4160525171875 0.25113128125 0.3372181234375 0.18415856875 0.3253186375 0.11123274999999999 0.3015195453125 0.03533025625 0.2851576921875 0 0.292908734375 0 0.487462534375
11 0.5517644609375 0.46067576875 0.5681356296875 0.4368767953125 0.5472996296875 0.37737906718750003 0.49818624375000004 0.3342432515625 0.469908859375 0.2985446734375 0.39847131562500004 0.2524339859375 0.3076860515625 0.230122390625 0.2526195578125 0.236072134375 0.23476023124999998 0.26730840312500004 0.23624850937500003 0.31639396249999996 0.270479003125 0.3877911765625 0.31215088281250003 0.4279520625 0.3716822078125 0.46067576875 0.4267487015625 0.4696004421875 0.508604303125 0.47555018593750004 0.5517644609375 0.46067576875
11 0.6 0.425 0.6796875 0.453125 0.790625 0.4671875 0.825 0.459375 0.8421875 0.421875 0.8390625 0.3890625 0.81875 0.353125 0.76875 0.3015625 0.7234375 0.271875 0.6765625 0.2515625 0.63125 0.24375 0.5734375 0.24375 0.521875 0.275 0.503125 0.315625 0.50625 0.3390625 0.5578125 0.4015625 0.6 0.425
11 1 0.234375 0.971875 0.2234375 0.9203125 0.2109375 0.859375 0.209375 0.815625 0.225 0.7890625 0.2515625 0.7828125 0.2703125 0.7625 0.28125 0.7703125 0.3015625 0.8 0.3328125 0.84375 0.3953125 0.896875 0.421875 0.9640625 0.4359375 1 0.4359375 1 0.234375
11 1 0.078125 0.7609375 0.078125 0.74375 0.1078125 0.753125 0.140625 0.8046875 0.2 0.828125 0.2125 0.9125 0.215625 0.9734375 0.2328125 1 0.23502604218749998 1 0.078125
11 0.51875 0.1859375 0.5515625 0.221875 0.56875 0.2265625 0.575 0.2359375 0.6546875 0.246875 0.7375 0.278125 0.7625 0.278125 0.784375 0.26875 0.809375 0.2359375 0.8078125 0.20625 0.7890625 0.175 0.73125 0.1078125 0.6890625 0.078125 0.5015625 0.078125 0.5078125 0.090625 0.4875 0.0953125 0.4828125 0.1328125 0.51875 0.1859375
11 0.28125 0.2046875 0.28125 0.2203125 0.2890625 0.2296875 0.4484375 0.2609375 0.50625 0.2578125 0.5375 0.24375 0.540625 0.215625 0.5328125 0.1984375 0.4796875 0.1296875 0.4203125 0.0890625 0.3984375 0.078125 0.2109375 0.078125 0.2078125 0.1484375 0.2140625 0.1671875 0.24375 0.190625 0.28125 0.2046875
11 0 0.270703125 0.0203125 0.2859375 0.0484375 0.296875 0.1125 0.309375 0.221875 0.3453125 0.2453125 0.346875 0.2359375 0.3078125 0.2359375 0.2703125 0.2671875 0.246875 0.290625 0.2375 0.2953125 0.225 0.1828125 0.1484375 0.121875 0.128125 0.0515625 0.1234375 0 0.1373733109375 0 0.270703125