7 0.09765625 0.11875 0.1953125 0.175
7 0.312015625 0.173515625 0.2091875 0.272015625
7 0.11953125 0.36484375 0.2390625 0.2828125
7 0.384671875 0.420421875 0.22948437500000002 0.31271875
7 0.6619843750000001 0.333296875 0.25287500000000007 0.349421875
7 0.5260625 0.12271874999999999 0.18415625000000002 0.18292187499999998
7 0.0828125 0.6375 0.165625 0.2875
7 0.303421875 0.687453125 0.28575 0.2412968750000001
7 0.60065625 0.669875 0.294296875 0.3389687500000001
7 0.8796875 0.46953125 0.240625 0.3109375
7 0.87890625 0.75859375 0.2421875 0.2859375