7 0.953125 0.61953125 0.09375 0.1484375
7 0.95078125 0.41328125 0.0984375 0.1671875
7 0.85415625 0.529015625 0.15285937499999988 0.13928124999999997
7 0.8580625 0.738234375 0.17629687499999988 0.1397343750000001
7 0.716484375 0.416109375 0.19389062499999987 0.15565625
7 0.3069375 0.683734375 0.17560937499999998 0.16745312499999992
7 0.45653125 0.45323437499999997 0.185734375 0.175203125
7 0.251484375 0.52453125 0.174046875 0.17328124999999997
7 0.271015625 0.357515625 0.166234375 0.13220312500000003
7 0.06796875 0.54375 0.1359375 0.14375
7 0.57371875 0.7360781249999999 0.17009375000000002 0.16278124999999993
7 0.6479374999999999 0.5766875 0.16226562499999986 0.17212499999999994