6 0.6300943046875 0.3957121328125 0.58571560625 0.3600727203125 0.5768398671875 0.34330123125 0.5147096890625 0.3055653828125 0.48660318125 0.30766181875 0.443703771875 0.34330123125 0.39340791406250003 0.415628275 0.3726978546875 0.4690873953125 0.3726978546875 0.48585888437499997 0.4126386828125 0.521498296875 0.4229937125 0.5539930562500001 0.42003513281249993 0.6043075203125 0.40376294375 0.649380896875 0.405242234375 0.6619595125 0.45405880156249995 0.6996953609375 0.4688517015625 0.7311419031249999 0.4939996296875 0.7332383390625 0.6034670859375 0.5959217765625 0.641928625 0.5267393874999999 0.6508043640625 0.49214819218750006 0.6493250734375 0.44393016249999995 0.6300943046875 0.3957121328125
6 0.28246116875 0.52569116875 0.2513960796875 0.5770538515625 0.2484375 0.5906806859375 0.25583395000000003 0.603259303125 0.3090883875 0.6179343546875 0.34311205624999996 0.6409951515625 0.3741771453125 0.6734899109375 0.3948872046875 0.6619595125 0.4126386828125 0.6168861375 0.42003513281249993 0.5728609796875 0.41707655312499997 0.539318003125 0.40376294375 0.5162572062499999 0.375656434375 0.49005175625 0.3386741859375 0.4701356125 0.3120469671875 0.46174986875 0.2913369078125 0.4638463046875 0.28246116875 0.52569116875
6 0.28985761875 0.7017917984375 0.3061298078125 0.7206597218749999 0.3135262578125 0.7458169546875 0.3209227078125 0.7500098265624999 0.36973927500000003 0.6755863468750001 0.35494637500000004 0.6535737687500001 0.3135262578125 0.622127228125 0.2928161984375 0.612693265625 0.2587925296875 0.6074521749999999 0.22624815156250003 0.6074521749999999 0.19222448281249999 0.6399469343749999 0.1966623515625 0.6556702046875 0.2647096890625 0.683972090625 0.28985761875 0.7017917984375
6 0.31500554687500004 0.7500098265624999 0.3120469671875 0.7363829921875 0.28985761875 0.7017917984375 0.2661889796875 0.685020309375 0.22476886093749998 0.667200603125 0.19962093125 0.6619595125 0.1508043640625 0.6598630765625 0.1374907546875 0.6651041671875 0.13897004375 0.6776827828124999 0.1567215234375 0.6955024890625 0.1729937125 0.702840015625 0.16855584375 0.7259008125 0.159680103125 0.7363829921875 0.16115939375 0.748961609375 0.141928625 0.7688777515624999 0.141928625 0.7793599312499999 0.167076553125 0.7898421124999999 0.220330990625 0.7961314203125001 0.24104104999999998 0.8149993453125 0.2484375 0.8108064734375 0.2587925296875 0.775167059375 0.276544009375 0.7510580453125 0.28985761875 0.7468651734375 0.31500554687500004 0.7500098265624999
6 0.276544009375 0.7542026984375 0.261751109375 0.7741188421875 0.2513960796875 0.8013725109375001 0.2528753703125 0.8359637046874999 0.28098187812500003 0.8642655921875001 0.3179641265625 0.9198211484375 0.3475499265625 0.9323997640625 0.39340791406250003 0.9648945234375 0.4229937125 0.9648945234375 0.42447300312499997 0.9544123421874999 0.39784578437499996 0.92611045625 0.42447300312499997 0.8852299531250001 0.42891087343749995 0.8139511265625 0.39636649375 0.78040815 0.3386741859375 0.7562991359375 0.2913369078125 0.7500098265624999 0.276544009375 0.7542026984375
6 0.41855584375 0.7961314203125001 0.42447300312499997 0.7866974578125 0.45405880156249995 0.7783117140625 0.46441383125 0.7604920078124999 0.46589312187500004 0.7405758640625 0.44962093125 0.702840015625 0.40376294375 0.671393475 0.38897004375 0.6692970390624999 0.3682599859375 0.6829238734375 0.3342363171875 0.7374312109375001 0.32979844687500004 0.75315448125 0.3815735953125 0.7709741875 0.41855584375 0.7961314203125001
6 0.431869453125 0.7877456765625 0.4348280328125 0.7961314203125001 0.42743158281250004 0.7992760750000001 0.43334874218749997 0.8286261796875 0.431869453125 0.866362028125 0.41855584375 0.90724253125 0.42743158281250004 0.939737290625 0.4466623515625 0.9743284859375001 0.439265903125 0.9984375 0.45701738125 0.9984375 0.45701738125 0.9910999734375 0.485123890625 0.9910999734375 0.4895617609375 0.9984375 0.6108635359375 0.9984375 0.6019877953125 0.9554605609375001 0.5650055468749999 0.8873263890624999 0.553171228125 0.8873263890624999 0.50583395 0.8338672687500001 0.44518306250000006 0.7866974578125 0.431869453125 0.7877456765625
6 0.526544009375 0.7500098265624999 0.519147559375 0.776215278125 0.5221061390624999 0.8464458859375 0.5561298078125 0.8873263890624999 0.5664848375 0.8862781703125 0.5738812875 0.8967603515624999 0.6034670859375 0.9544123421874999 0.613822115625 0.9984375 0.681869453125 0.9984375 0.6744730031249999 0.8778924265624999 0.63897004375 0.8003242921875 0.5664848375 0.7101775421875 0.553171228125 0.7101775421875 0.545774778125 0.7154186328125001 0.526544009375 0.7500098265624999
6 0.604946375 0.7510580453125 0.641928625 0.803468946875 0.66855584375 0.86216915625 0.6877866125 0.9984375 0.7602718187499999 0.9984375 0.7573132390625 0.9198211484375 0.74104105 0.8684584640624999 0.6907451921875001 0.7877456765625 0.634532175 0.7332383390625 0.6153014046874999 0.7321901203125 0.604946375 0.7510580453125
6 0.8519877953125 0.7206597218749999 0.8475499265625001 0.703888234375 0.8386741859375 0.697598925 0.829798446875 0.6787310015625 0.7928161984375001 0.6399469343749999 0.7706268484375001 0.622127228125 0.70701738125 0.5980182125 0.681869453125 0.59906643125 0.667076553125 0.6158379187499999 0.65376294375 0.65252555 0.65376294375 0.6913096171875 0.761751109375 0.9271586734374999 0.7647096890625 0.9470748171875 0.7883783281250001 0.9743284859375001 0.85050850625 0.983762446875 0.8815735953124999 0.9984375 0.9155972640625001 0.9984375 0.9155972640625001 0.866362028125 0.91115939375 0.829674396875 0.8963664937500001 0.7992760750000001 0.8948872046874999 0.775167059375 0.8682599859375 0.7321901203125 0.8519877953125 0.7206597218749999
6 0.9067215234375 0.5152089890625 0.8874907546875 0.5015821546875 0.8638221156249999 0.47118383125 0.85050850625 0.46594274062499996 0.85050850625 0.456508778125 0.8431120562500001 0.449171253125 0.7883783281250001 0.41353183906249996 0.7099759609375 0.37998886249999997 0.686307321875 0.37998886249999997 0.6744730031249999 0.39361569687500003 0.6744730031249999 0.4282068921875 0.6907451921875001 0.4869071015625 0.6951830625000001 0.5319804765625 0.7114552515625 0.57076454375 0.74104105 0.602211084375 0.776544009375 0.622127228125 0.8164848375 0.656718421875 0.90376294375 0.7793599312499999 0.9200351328125 0.784601021875 0.9303901625 0.7971796390625 0.9644138312500001 0.8181439984375001 0.9806860203125 0.8380601421874999 0.996958209375 0.848542321875 0.9984375 0.848542321875 0.9984375 0.8064039562499999 0.996958209375 0.8045171640625 0.9895617609375 0.7709741875 0.9954789203125 0.676634565625 0.9762481515625 0.6158379187499999 0.9511002218750001 0.5718127625 0.9067215234375 0.5152089890625
6 0.8460706359374999 0.21332219531250002 0.8268398671874999 0.220659721875 0.815005546875 0.238479428125 0.8002126484375 0.2772634953125 0.815005546875 0.3317708328125 0.8061298078125001 0.34434945 0.795774778125 0.348542321875 0.795774778125 0.37160311875 0.803171228125 0.39361569687500003 0.8224019968749999 0.415628275 0.8224019968749999 0.42296580156249997 0.862342825 0.46594274062499996 0.8771357249999999 0.47537670312499997 0.8800943046875 0.4869071015625 0.9259522921875 0.5330286953125001 0.97181028125 0.6011628671875 0.9806860203125 0.6242236640625001 0.9984375 0.75518925625 0.9984375 0.3600727203125 0.992520340625 0.347494103125 0.9880824703125001 0.347494103125 0.9821653109374999 0.3349154875 0.9215144234375 0.2699259703125 0.8786150140625001 0.2332383390625 0.8460706359374999 0.21332219531250002
6 0.862342825 0.21751506874999998 0.9200351328125 0.2636366609375 0.97181028125 0.32233687031249997 0.996958209375 0.3422530140625 0.9984375 0.348542321875 0.9984375 0.2271956703125 0.9777274406249999 0.211225759375 0.891928625 0.1619595125 0.8667806953125 0.16300773125 0.862342825 0.17034525625000002 0.85790495625 0.183972090625 0.862342825 0.21751506874999998
6 0.2055380921875 0.197598925 0.24104104999999998 0.1682488203125 0.27062684843749996 0.112693265625 0.27210613906250003 0.084391378125 0.2587925296875 0.07286097968750001 0.227727440625 0.074957415625 0.21145525156249997 0.0822949421875 0.21145525156249997 0.09277712187500001 0.1833487421875 0.15252555 0.1626386828125 0.1829238734375 0.1655972640625 0.1923578359375 0.2055380921875 0.197598925
6 0.2661889796875 0.2279972484375 0.2839404578125 0.211225759375 0.3090883875 0.1745381296875 0.322401996875 0.10954861093749999 0.3135262578125 0.07810207031250001 0.29725406875 0.074957415625 0.2735854296875 0.085439596875 0.2661889796875 0.1284165359375 0.2454789203125 0.1651041671875 0.22328957031250002 0.1871167453125 0.22920673125 0.2279972484375 0.2661889796875 0.2279972484375
6 0 0.2784765328125 0.0221061390625 0.2636366609375 0.05169193749999999 0.2521062625 0.0768398671875 0.2521062625 0.0768398671875 0.2741188421875 0.08719489687500001 0.275167059375 0.1907451921875 0.2426723015625 0.22328957031250002 0.2259008125 0.22476886093749998 0.21332219531250002 0.21589312187499998 0.203888234375 0.1877866125 0.197598925 0.1300943046875 0.1996953609375 0.0487333578125 0.2227561578125 0 0.248408675 0 0.2784765328125
6 0.23808247031250002 0.27202240624999996 0.2647096890625 0.2426723015625 0.2647096890625 0.2321901203125 0.21589312187499998 0.23428655625 0.0827570265625 0.28040815 0.060567678125 0.3055653828125 0.032461168750000005 0.347494103125 0.032461168750000005 0.3548316296875 0.045774778125 0.3558798484375 0.1700351328125 0.3087100359375 0.23808247031250002 0.27202240624999996
6 0 0.418763103125 0.0087925296875 0.4177247125 0.0753605765625 0.402001440625 0.134532175 0.3736995546875 0.1789108734375 0.36216915625 0.2188517015625 0.3349154875 0.2454789203125 0.292986765625 0.2454789203125 0.27935993125 0.23808247031250002 0.276215278125 0.22181028125000002 0.2814563671875 0.16115939375 0.3160475625 0.0235854296875 0.367410246875 0 0.3891365296875 0 0.418763103125
6 0.1374907546875 0.3789406453125 0.10346708593750001 0.3925674796875 0.10050850625 0.3999050046875 0.07831915625 0.4061943140625 0.041336907812500004 0.4271586734375 0.08867418593750001 0.43030332812500005 0.0679641265625 0.4648945234375 0.057609096875 0.512064334375 0.0709227078125 0.511016115625 0.10346708593750001 0.49214819218750006 0.16855584375 0.4648945234375 0.20997596093749998 0.4187729296875 0.2188517015625 0.39361569687500003 0.2188517015625 0.3705549 0.21293454218750002 0.366362028125 0.1759522921875 0.366362028125 0.1374907546875 0.3789406453125
6 0 0.647774271875 0.0368990390625 0.6462362421875001 0.057609096875 0.657766640625 0.0635262578125 0.6535737687500001 0.0768398671875 0.6535737687500001 0.1582008140625 0.6001146484375 0.1833487421875 0.5770538515625 0.220330990625 0.5267393874999999 0.2306860203125 0.4869071015625 0.22181028125000002 0.4680391765625 0.1700351328125 0.4701356125 0.12565643437500001 0.483762446875 0.08719489687500001 0.502630371875 0 0.559839540625 0 0.647774271875
6 0.23808247031250002 0.592777121875 0.261751109375 0.5592341453125 0.28098187812500003 0.520450078125 0.2868990390625 0.483762446875 0.28098187812500003 0.43239976406249997 0.27210613906250003 0.41458005781249996 0.261751109375 0.40724253125 0.2513960796875 0.4061943140625 0.21589312187499998 0.42191758437500004 0.1729937125 0.4648945234375 0.1759522921875 0.4701356125 0.21441383125 0.466990959375 0.22624815156250003 0.47118383125 0.2321653109375 0.48061779375 0.22624815156250003 0.5183536421875 0.2055380921875 0.5529448375 0.1729937125 0.5906806859375 0.1360114640625 0.621079009375 0.0901534765625 0.649380896875 0.0901534765625 0.6787310015625 0.11973927499999999 0.671393475 0.1300943046875 0.66300773125 0.16115939375 0.656718421875 0.174473003125 0.648332678125 0.23808247031250002 0.592777121875
6 0.33571560625 0.3600727203125 0.3090883875 0.38837460625000003 0.2913369078125 0.4198211484375 0.28837832812499997 0.4470748171875 0.2928161984375 0.456508778125 0.322401996875 0.46174986875 0.38305288437499996 0.4198211484375 0.39784578437499996 0.402001440625 0.39784578437499996 0.39361569687500003 0.4215144234375 0.3705549 0.4422244828125 0.340156578125 0.4481416421875 0.32338508906249996 0.44518306250000006 0.30661360000000004 0.43334874218749997 0.302420728125 0.3948872046875 0.312902909375 0.33571560625 0.3600727203125
6 0.235123890625 0.3370119234375 0.220330990625 0.3632173734375 0.22624815156250003 0.39780856875000004 0.23956176093749998 0.402001440625 0.2647096890625 0.402001440625 0.276544009375 0.412483621875 0.295774778125 0.403049659375 0.3016919375 0.39780856875000004 0.2987333578125 0.3925674796875 0.375656434375 0.31814399843749996 0.3741771453125 0.3087100359375 0.390449334375 0.2772634953125 0.3874907546875 0.2678295328125 0.35050850625 0.2709741875 0.307609096875 0.2877456765625 0.235123890625 0.3370119234375
6 0.322401996875 0.25525091718750004 0.3238812875 0.23533477500000002 0.3179641265625 0.22485259375000002 0.2780232984375 0.22904546718750002 0.2454789203125 0.2636366609375 0.24104104999999998 0.2709741875 0.242520340625 0.2971796390625 0.22920673125 0.32652974375 0.254354659375 0.325481525 0.3002126484375 0.2908903296875 0.322401996875 0.25525091718750004
6 0 0.38059009062500004 0.035419748437499995 0.34330123125 0.0738812875 0.2814563671875 0.0768398671875 0.2510580453125 0.0561298078125 0.2510580453125 0.0280232984375 0.2636366609375 0 0.2834938421875 0 0.38059009062500004
6 0 0.2450559046875 0.0087925296875 0.238479428125 0.032461168750000005 0.203888234375 0.041336907812500004 0.20074357968749998 0.0694434171875 0.1514773328125 0.0753605765625 0.1263201 0.0709227078125 0.112693265625 0.05908838749999999 0.10430752031249999 0.026544009375 0.11583791875 0.0073132390625 0.130512971875 0.0013960796875 0.1420433703125 0 0.14281279062500002 0 0.2450559046875
6 0.2475236484375 0 0.21589312187499998 0.0152089890625 0.11086353593750001 0.0340769125 0.0768398671875 0.04455909375 0.0073132390625 0.07076454374999999 0 0.07594667187500001 0 0.0897665203125 0.0132304 0.085439596875 0.127135725 0.0822949421875 0.18630732187500001 0.07286097968750001 0.2306860203125 0.0550412734375 0.25583395000000003 0.039318003125 0.2795025890625 0.0099678984375 0.2823160140625 0 0.2475236484375 0
6 0.30376525625 0 0.3016919375 0.0015821546874999998 0.295774778125 0.0005339359375 0.25583395000000003 0.0424626578125 0.20997596093749998 0.0644752359375 0.20997596093749998 0.07076454374999999 0.2173724109375 0.0739091984375 0.27506471875 0.0623788 0.3253605765625 0.040366221875000004 0.3401534765625 0.029884040625000004 0.3342363171875 0.0194018609375 0.341632765625 0.0152089890625 0.35050850625 0.01625720625 0.35790495624999996 0.0089196796875 0.3601263375 0 0.30376525625 0
6 0.1098255578125 0 0.0664848375 0.017305425 0.0635262578125 0.02569116875 0.0738812875 0.0319804765625 0.09311205624999999 0.027787604687500002 0.10938424531249999 0.030932259375 0.152283653125 0.02569116875 0.2188517015625 0.0099678984375 0.227727440625 0.002630371875 0.23490415312500001 0 0.1098255578125 0