10 0.203125 0.33515625 0.203125 0.38515625 0.2296875 0.42890625 0.25625 0.45703125 0.2703125 0.45234375 0.30625 0.42265625 0.3390625 0.40859375 0.378125 0.40546875 0.425 0.41328125 0.4515625 0.39765625 0.4515625 0.36640625 0.4609375 0.35390625 0.4609375 0.32890625 0.4375 0.26796875 0.415625 0.24609375 0.390625 0.23515625 0.3140625 0.23359375 0.2796875 0.24140625 0.24375 0.26171875 0.2234375 0.28203125 0.209375 0.30859375 0.203125 0.33515625
10 0.1953125 0.66953125 0.2125 0.64296875 0.221875 0.57421875 0.2125 0.52734375 0.190625 0.48046875 0.1609375 0.45078125 0.10625 0.42578125 0.065625 0.42109375 0.03125 0.43671875 0.03125 0.66171875 0.084375 0.67265625 0.125 0.69140625 0.15 0.69140625 0.1953125 0.66953125
10 0.2453125 0.51796875 0.2515625 0.58359375 0.265625 0.61484375 0.290625 0.63359375 0.3671875 0.63828125 0.3546875 0.58671875 0.35625 0.51953125 0.378125 0.46171875 0.421875 0.41796875 0.421875 0.41171875 0.365625 0.40390625 0.328125 0.41171875 0.29375 0.43046875 0.2671875 0.45703125 0.253125 0.48515625 0.2453125 0.51796875
10 0.1546875 0.44765625 0.1921875 0.48046875 0.2203125 0.52734375 0.2296875 0.56953125 0.2453125 0.58671875 0.2453125 0.53203125 0.259375 0.46015625 0.21875 0.41015625 0.196875 0.36328125 0.2015625 0.32421875 0.221875 0.28515625 0.203125 0.28046875 0.1609375 0.29140625 0.1203125 0.32734375 0.1046875 0.37421875 0.1078125 0.42578125 0.1546875 0.44765625
10 0.03125 0.28359375 0.03125 0.35390625 0.0546875 0.37109375 0.075 0.37578125 0.0953125 0.36328125 0.128125 0.31328125 0.165625 0.28203125 0.1703125 0.24140625 0.1578125 0.21484375 0.1421875 0.20234375 0.075 0.18828125 0.0421875 0.18828125 0.03125 0.19453125 0.03125 0.25390625 0.0375 0.27734375 0.03125 0.28359375
10 0.5609375 0.34140625 0.6265625 0.36171875 0.6484375 0.33046875 0.696875 0.28828125 0.6984375 0.26484375 0.6890625 0.22890625 0.675 0.20390625 0.6546875 0.18828125 0.4625 0.18828125 0.446875 0.21171875 0.4421875 0.24609375 0.4703125 0.34921875 0.5609375 0.34140625
10 0.690625 0.39453125 0.709375 0.39453125 0.715625 0.41640625 0.7328125 0.43359375 0.7515625 0.46640625 0.7734375 0.47578125 0.825 0.43828125 0.8625 0.42421875 0.8640625 0.38046875 0.846875 0.33828125 0.815625 0.30546875 0.7578125 0.28359375 0.7390625 0.28359375 0.6953125 0.29296875 0.6625 0.31484375 0.6421875 0.33984375 0.6328125 0.37109375 0.690625 0.39453125
10 0.8234375 0.43671875 0.7859375 0.46953125 0.765625 0.50859375 0.7515625 0.59296875 0.7625 0.62265625 0.803125 0.65859375 0.8546875 0.66953125 0.903125 0.67109375 0.96875 0.62578125 0.96875 0.46015625 0.934375 0.43203125 0.8984375 0.42109375 0.86875 0.42109375 0.8234375 0.43671875
10 0.351102940625 0.58442095625 0.3625 0.61640625 0.3828125 0.65859375 0.43125 0.70078125 0.478125 0.71328125 0.5390625 0.71015625 0.5890625 0.68046875 0.6078125 0.66171875 0.628125 0.62734375 0.6390625 0.58203125 0.6296875 0.50390625 0.621875 0.48203125 0.609375 0.47265625 0.575 0.46015625 0.4765625 0.40703125 0.453125 0.40234375 0.409375 0.42265625 0.371875 0.46484375 0.3625 0.49765625 0.35386029375 0.5458180140625 0.351102940625 0.58442095625
10 0.625 0.48515625 0.6359375 0.56328125 0.6296875 0.62421875 0.7171875 0.61640625 0.734375 0.59765625 0.7546875 0.54609375 0.759375 0.49609375 0.7515625 0.46484375 0.7375 0.43671875 0.7171875 0.41640625 0.709375 0.39453125 0.6328125 0.37578125 0.6328125 0.38671875 0.6671875 0.44609375 0.6703125 0.46640625 0.6625 0.48046875 0.625 0.48515625
10 0.0890625 0.67421875 0.0578125 0.66484375 0.03125 0.66484375 0.03125 0.71796875 0.0421875 0.73046875 0.0421875 0.74453125 0.03125 0.76015625 0.03125 0.79921875 0.0453125 0.81171875 0.165625 0.81171875 0.16875 0.78359375 0.1578125 0.73984375 0.134375 0.70546875 0.0890625 0.67421875
10 0.1328125 0.30703125 0.184375 0.27734375 0.184375 0.25859375 0.1640625 0.21328125 0.11875 0.18828125 0.03125 0.18828125 0.03125 0.34921875 0.046875 0.35703125 0.090625 0.36171875 0.1328125 0.30703125
10 0.3734375 0.65859375 0.3328125 0.64453125 0.2921875 0.64140625 0.2328125 0.67109375 0.19375 0.71484375 0.1796875 0.74921875 0.18125 0.81171875 0.45625 0.81171875 0.4578125 0.76484375 0.4484375 0.73359375 0.4296875 0.70234375 0.3734375 0.65859375
10 0.809375 0.81171875 0.8265625 0.77265625 0.828125 0.72109375 0.803125 0.66484375 0.78125 0.64296875 0.746875 0.62578125 0.675 0.62109375 0.625 0.63671875 0.565625 0.71328125 0.55625 0.76328125 0.5734375 0.81015625 0.809375 0.81171875
10 0.9125 0.80859375 0.96875 0.81171875 0.965625 0.62890625 0.93125 0.64921875 0.9 0.69140625 0.896875 0.76953125 0.90625 0.80390625 0.9125 0.80859375