6 0.3817708328125 0.3273263890625 0.3517708328125 0.31399305625 0.2851041671875 0.2984375 0.18843749999999998 0.3051041671875 0.14510416718750002 0.316215278125 0.1251041671875 0.3273263890625 0.1284375 0.3495486109375 0.1417708328125 0.37065972187499996 0.1834375 0.4051041671875 0.3001041671875 0.39399305625 0.3751041671875 0.40288194375 0.4534375 0.42399305624999994 0.4817708328125 0.3884375 0.47843749999999996 0.37954861093750003 0.39010416718749996 0.326215278125 0.3817708328125 0.3273263890625
6 0.4451041671875 0.360659721875 0.49010416718750005 0.37954861093750003 0.5267708328125 0.3617708328125 0.5201041671875 0.34621527812499997 0.4684375 0.300659721875 0.41510416718750004 0.26399305625 0.3567708328125 0.24177083281249998 0.2767708328125 0.2284375 0.23343750000000002 0.230659721875 0.1801041671875 0.2373263890625 0.1167708328125 0.2584375 0.1084375 0.2695486109375 0.16343749999999999 0.306215278125 0.1851041671875 0.30288194375 0.2184375 0.3051041671875 0.24343750000000003 0.2984375 0.28177083281250004 0.29732638906250003 0.3201041671875 0.30399305625 0.3817708328125 0.326215278125 0.3984375 0.3273263890625 0.4451041671875 0.360659721875
6 0.5384375 0.206215278125 0.5001041671875 0.1851041671875 0.4251041671875 0.1751041671875 0.39677083281250003 0.1773263890625 0.3284375 0.18843749999999998 0.2884375 0.2184375 0.2917708328125 0.2273263890625 0.3751041671875 0.2451041671875 0.41510416718750004 0.26288194374999996 0.5251041671875 0.34399305625 0.5767708328125 0.3517708328125 0.7134375000000001 0.35510416718750004 0.7151041671875 0.34288194375000003 0.6901041671875 0.3195486109375 0.6417708328125 0.2917708328125 0.5384375 0.206215278125
6 0.8467708328124999 0.4951041671875 0.7851041671875 0.48510416718749994 0.7534375 0.4884375 0.6901041671875 0.51288194375 0.6551041671875 0.5473263890625 0.6567708328124999 0.59399305625 0.6767708328125 0.6095486109375 0.7034374999999999 0.620659721875 0.7551041671875 0.6217708328125 0.8317708328125001 0.6017708328125 0.9301041671875 0.6273263890624999 0.9967708328124999 0.6106597218750001 0.9967708328124999 0.51288194375 0.9767708328125 0.506215278125 0.8467708328124999 0.4951041671875
6 0.7184375000000001 0.41288194375 0.6934375 0.4217708328125 0.6567708328124999 0.4473263890625 0.6401041671875001 0.47621527812500003 0.6451041671875 0.48510416718749994 0.6401041671875001 0.5095486109375 0.6567708328124999 0.5195486109375 0.6717708328125 0.5217708328125 0.7151041671875 0.4973263890625 0.7767708328125 0.48399305625 0.9967708328124999 0.5073263890625 0.9951041671875 0.42399305624999994 0.7184375000000001 0.41288194375
6 0.9834375 0.3617708328125 0.9567708328125001 0.3584375 0.9501041671875001 0.3617708328125 0.9217708328124999 0.360659721875 0.9201041671875 0.366215278125 0.9034375000000001 0.37065972187499996 0.8984375 0.3617708328125 0.8751041671875001 0.3595486109375 0.8701041671875 0.350659721875 0.8451041671875 0.3584375 0.7984375 0.36288194375 0.7767708328125 0.3584375 0.7634375 0.360659721875 0.7451041671875 0.37288194375 0.7267708328125 0.376215278125 0.7184375000000001 0.386215278125 0.7367708328125 0.38954861093750004 0.8042708328125 0.3873263890625 0.8201041671875 0.39177083281249997 0.8151041671874999 0.3984375 0.8201041671875 0.4095486109375 0.8817708328125 0.41732638906249997 0.9967708328124999 0.4184375 0.9967708328124999 0.36843750000000003 0.9834375 0.3617708328125
6 0.9967708328124999 0.2217708328125 0.8717708328124999 0.21510416718749997 0.8051041671875 0.21621527812500002 0.7617708328125 0.2217708328125 0.7201041671875 0.21510416718749997 0.7034374999999999 0.1995486109375 0.6534375 0.17621527812499999 0.6551041671875 0.17288194375 0.6351041671875 0.160659721875 0.6184375 0.156215278125 0.5584374999999999 0.156215278125 0.5284375 0.166215278125 0.5301041671875 0.18843749999999998 0.5617708328125001 0.22399305625000002 0.6534375 0.2951041671875 0.6917708328125001 0.31288194375 0.7251041671875 0.3395486109375 0.7551041671875 0.34288194375000003 0.8117708328125 0.33621527812499996 0.9917708328125 0.3295486109375 0.9967708328124999 0.326215278125 0.9967708328124999 0.2217708328125
6 0.6267708328125 0.15399305624999998 0.5451041671875 0.10065972187500001 0.4967708328125 0.0817708328125 0.46177083281250003 0.07399305625 0.3867708328125 0.0695486109375 0.3301041671875 0.07399305625 0.2767708328125 0.0851041671875 0.23177083281250002 0.106215278125 0.2384375 0.1284375 0.27177083281250003 0.160659721875 0.2851041671875 0.166215278125 0.3001041671875 0.1651041671875 0.3484375 0.1484375 0.4201041671875 0.1384375 0.5034375 0.146215278125 0.5351041671875 0.15732638906250002 0.5751041671875 0.150659721875 0.6267708328125 0.15399305624999998
6 0.5001041671875 0.146215278125 0.4301041671875 0.1384375 0.3201041671875 0.1551041671875 0.3001041671875 0.16399305625 0.3001041671875 0.17288194375 0.3201041671875 0.18288194375 0.3484375 0.1851041671875 0.39677083281250003 0.17621527812499999 0.4534375 0.17621527812499999 0.5234375 0.19288194375 0.5234375 0.1695486109375 0.5351041671875 0.15732638906250002 0.5001041671875 0.146215278125
6 0.2934375 0.206215278125 0.2401041671875 0.19399305625000002 0.1717708328125 0.19177083281250001 0.1351041671875 0.1951041671875 0.08010416718749999 0.2084375 0.0234375 0.24288194375 0.021770832812499998 0.25399305625 0.0367708328125 0.2695486109375 0.0551041671875 0.2784375 0.0967708328125 0.28621527812499997 0.11510416718750001 0.256215278125 0.1901041671875 0.23621527812499998 0.2117708328125 0.2384375 0.27177083281250003 0.22621527812500003 0.2917708328125 0.21510416718749997 0.2934375 0.206215278125
6 0.08010416718749999 0.136215278125 0.0234375 0.1551041671875 0.030104167187500003 0.1751041671875 0.0667708328125 0.1984375 0.0851041671875 0.20399305625 0.1734375 0.190659721875 0.2284375 0.19177083281250001 0.2934375 0.1995486109375 0.2867708328125 0.1751041671875 0.2784375 0.1684375 0.15677083281249998 0.1373263890625 0.08010416718749999 0.136215278125
6 0.7017708328125 0.3817708328125 0.7034374999999999 0.37065972187499996 0.6917708328125001 0.366215278125 0.6517708328125 0.3617708328125 0.6317708328125 0.35510416718750004 0.5567708328125 0.35732638906249997 0.5384375 0.3595486109375 0.5101041671875 0.3773263890625 0.4917708328125 0.40843749999999995 0.4984375 0.45288194375 0.5067708328125 0.46065972187500004 0.5617708328125001 0.48288194375 0.5867708328125001 0.48954861093749996 0.6201041671875 0.4917708328125 0.6651041671875 0.4373263890625 0.6834374999999999 0.42399305624999994 0.7167708328125 0.410659721875 0.7167708328125 0.3973263890625 0.7017708328125 0.3817708328125
6 0.9967708328124999 0.746215278125 0.9384375 0.756215278125 0.9067708328125 0.7684375 0.8751041671875001 0.7684375 0.7951041671875 0.74399305625 0.7301041671874999 0.7306597218750001 0.6034375 0.7206597218749999 0.5051041671875 0.72288194375 0.4334375 0.7428819437499999 0.3584375 0.7817708328124999 0.3351041671875 0.8051041671875 0.30843750000000003 0.86288194375 0.3067708328125 0.8795486109375 0.3351041671875 0.8984375 0.43677083281250006 0.9117708328124999 0.6701041671875 0.8984375 0.7451041671875 0.8817708328125 0.8234375 0.8428819437499999 0.9034375000000001 0.8128819437500001 0.9684375 0.8062152781249999 0.9967708328124999 0.8084374999999999 0.9967708328124999 0.746215278125
6 0.39677083281250003 0.7584375 0.47843749999999996 0.7273263890624999 0.5101041671875 0.7217708328125 0.5784374999999999 0.7195486109375 0.7151041671875 0.726215278125 0.7351041671874999 0.72288194375 0.7534375 0.710659721875 0.8351041671875 0.6839930562500001 0.8617708328125 0.68288194375 0.9267708328125 0.6684375 0.9384375 0.660659721875 0.8801041671875 0.660659721875 0.8301041671875 0.650659721875 0.8151041671874999 0.6417708328125 0.7867708328125 0.6517708328125 0.7417708328125 0.656215278125 0.6517708328125 0.6273263890624999 0.5867708328125001 0.620659721875 0.4884375 0.6217708328125 0.4417708328125 0.6273263890624999 0.3434375 0.6617708328125 0.2967708328125 0.6895486109375 0.2384375 0.7484375 0.21677083281249998 0.7951041671875 0.21677083281249998 0.8084374999999999 0.2301041671875 0.816215278125 0.2534375 0.8217708328125 0.28010416718750003 0.8173263890625 0.2934375 0.8195486109375001 0.3384375 0.8084374999999999 0.3401041671875 0.8017708328125 0.35510416718750004 0.79288194375 0.3567708328125 0.78399305625 0.39677083281250003 0.7584375
6 0.2451041671875 0.72399305625 0.2517708328125 0.7173263890625 0.2701041671875 0.71288194375 0.2884375 0.6895486109375 0.3367708328125 0.6617708328125 0.4467708328125 0.6251041671875 0.5034375 0.6184375 0.5834374999999999 0.6184375 0.6601041671875 0.6273263890624999 0.6934375 0.6351041671875 0.7134375000000001 0.646215278125 0.7201041671875 0.64399305625 0.7417708328125 0.65288194375 0.7634375 0.65288194375 0.8684375 0.6173263890625 0.8734375 0.59399305625 0.8517708328125 0.5973263890625 0.8484375 0.6095486109375 0.8117708328125 0.6095486109375 0.8117708328125 0.6173263890625 0.8034375 0.6217708328125 0.7184375000000001 0.626215278125 0.6801041671875 0.6184375 0.6367708328125 0.590659721875 0.5884375000000001 0.57288194375 0.44343750000000004 0.5539930562500001 0.3784375 0.55288194375 0.3017708328125 0.5595486109375 0.2134375 0.590659721875 0.1851041671875 0.6073263890625 0.1384375 0.640659721875 0.1251041671875 0.6551041671875 0.1251041671875 0.66399305625 0.1134375 0.67288194375 0.1084375 0.68288194375 0.1167708328125 0.6851041671875 0.1551041671875 0.6780671296875 0.1551041671875 0.6839930562500001 0.18843749999999998 0.6839930562500001 0.2017708328125 0.6917708328125001 0.2034375 0.6984375 0.2101041671875 0.6962152781250001 0.22510416718749998 0.72288194375 0.2451041671875 0.72399305625
6 0.6367708328125 0.5688078703125 0.6401041671875001 0.5595486109375 0.6467708328125 0.5584374999999999 0.6534375 0.530659721875 0.6234375 0.506215278125 0.5651041671875 0.48732638906250003 0.5351041671875 0.486215278125 0.48510416718749994 0.4751041671875 0.4101041671875 0.46621527812499997 0.3401041671875 0.46621527812499997 0.2634375 0.48288194375 0.1851041671875 0.5151041671875001 0.1751041671875 0.5273263890625 0.1384375 0.5484375 0.1084375 0.5795486109375 0.10177083281249999 0.5884375000000001 0.1051041671875 0.5995486109375 0.1234375 0.6095486109375 0.1617708328125 0.616215278125 0.2501041671875 0.5751041671875 0.34510416718750003 0.5539930562500001 0.45177083281249997 0.5539930562500001 0.5817708328125 0.570659721875 0.6367708328125 0.58399305625 0.6367708328125 0.5688078703125
6 0.5567708328125 0.4951041671875 0.5751041671875 0.4951041671875 0.5684375 0.48732638906250003 0.5067708328125 0.46621527812499997 0.4917708328125 0.44954861093750004 0.4301041671875 0.4184375 0.3767708328125 0.4051041671875 0.31677083281249996 0.3984375 0.24177083281249998 0.400659721875 0.2034375 0.410659721875 0.16343749999999999 0.41288194375 0.1367708328125 0.4217708328125 0.10177083281249999 0.44954861093750004 0.10177083281249999 0.46177083281250003 0.11510416718750001 0.48065972187500006 0.1384375 0.49621527812500005 0.1801041671875 0.51288194375 0.2967708328125 0.47288194375000003 0.3651041671875 0.46510416718750003 0.4234375 0.4673263890625 0.4917708328125 0.47621527812500003 0.5384375 0.486215278125 0.5567708328125 0.4951041671875