10 0 0.5460181453125 0.0421875 0.5296875 0.075 0.496875 0.0859375 0.4796875 0.0734375 0.4328125 0.0765625 0.3671875 0.04375 0.3328125 0.0078125 0.3171875 0 0.3165364578125 0 0.5460181453125
10 0.0953125 0.4890625 0.1234375 0.5296875 0.2296875 0.525 0.2796875 0.4921875 0.3046875 0.4578125 0.3140625 0.39375 0.3015625 0.340625 0.2890625 0.3234375 0.2515625 0.3046875 0.128125 0.3046875 0.10625 0.321875 0.0765625 0.371875 0.0796875 0.453125 0.0953125 0.4890625
10 0.26875 0.5578125 0.2390625 0.5328125 0.1984375 0.5296875 0.115625 0.5359375 0.09375 0.5515625 0.08125 0.5703125 0.078125 0.590625 0.075 0.6625 0.084375 0.6953125 0.2703125 0.6953125 0.2828125 0.675 0.290625 0.646875 0.2859375 0.59375 0.26875 0.5578125
10 0.453125 0.61875 0.4828125 0.590625 0.4953125 0.5640625 0.5 0.5125 0.4890625 0.4734375 0.45625 0.4265625 0.4140625 0.40625 0.3703125 0.4015625 0.33125 0.4140625 0.3140625 0.4265625 0.2875 0.4828125 0.275 0.534375 0.2734375 0.553125 0.2859375 0.584375 0.3109375 0.6171875 0.340625 0.6328125 0.4 0.646875 0.453125 0.61875
10 0.4453125 0.3984375 0.446875 0.3453125 0.43125 0.30625 0.2890625 0.3046875 0.284375 0.315625 0.3078125 0.346875 0.3234375 0.4125 0.3734375 0.403125 0.434375 0.409375 0.4453125 0.3984375
10 0.5765625 0.434375 0.6078125 0.45 0.69375 0.4359375 0.7296875 0.396875 0.7421875 0.353125 0.740625 0.321875 0.73125 0.3046875 0.5578125 0.3046875 0.540625 0.3375 0.5390625 0.3578125 0.553125 0.4078125 0.5765625 0.434375
10 0.7734375 0.6296875 0.7859375 0.603125 0.7921875 0.55625 0.784375 0.5140625 0.7578125 0.475 0.7140625 0.4484375 0.653125 0.4421875 0.6171875 0.4515625 0.5828125 0.475 0.55625 0.5203125 0.553125 0.58125 0.590625 0.6109375 0.6171875 0.653125 0.6375 0.66875 0.725 0.66875 0.7734375 0.6296875
10 0.54375 0.578125 0.490625 0.5796875 0.4515625 0.6171875 0.4140625 0.6375 0.4046875 0.65 0.403125 0.6796875 0.4265625 0.6953125 0.63125 0.6953125 0.621875 0.6578125 0.603125 0.621875 0.575 0.59375 0.54375 0.578125
10 1 0.49906249999999996 0.99375 0.4828125 0.9625 0.453125 0.9234375 0.4359375 0.8828125 0.434375 0.8359375 0.4484375 0.8046875 0.4765625 0.7921875 0.5046875 0.7890625 0.55 0.8125 0.609375 0.83125 0.6234375 0.890625 0.6421875 0.928125 0.646875 0.9609375 0.634375 0.990625 0.6015625 1 0.578125 1 0.49906249999999996
10 1 0.31211805625 0.9828125 0.3125 0.946875 0.30625 0.9015625 0.3234375 0.9 0.371875 0.90625 0.4078125 0.9234375 0.434375 1 0.46637126875 1 0.31211805625
10 0.7890625 0.5 0.81875 0.4640625 0.853125 0.4421875 0.921875 0.434375 0.9015625 0.3890625 0.9 0.3203125 0.8921875 0.3140625 0.8515625 0.3109375 0.8078125 0.3234375 0.7890625 0.34375 0.765625 0.39375 0.7640625 0.4375 0.771875 0.4515625 0.771875 0.4671875 0.765625 0.475 0.7765625 0.4953125 0.7890625 0.5
10 0.825 0.621875 0.79375 0.6234375 0.765625 0.634375 0.740625 0.6578125 0.728125 0.68125 0.7265625 0.6953125 0.9296875 0.6953125 0.91875 0.6703125 0.89375 0.646875 0.8625 0.6296875 0.825 0.621875