10 0.1328125 0.34140625 0.2 0.34140625 0.2640625 0.35859375 0.303125 0.32578125 0.3265625 0.28984375 0.334375 0.26015625 0.3265625 0.19609375 0.3140625 0.17109375 0.2890625 0.15234375 0.2171875 0.13359375 0.159375 0.13359375 0.1109375 0.15859375 0.090625 0.19921875 0.0828125 0.25078125 0.0875 0.28984375 0.1015625 0.31484375 0.1328125 0.34140625
10 0.13125 0.54921875 0.1890625 0.55234375 0.221875 0.54296875 0.24375 0.52890625 0.275 0.48515625 0.2828125 0.44921875 0.275 0.39921875 0.2546875 0.36953125 0.2078125 0.34140625 0.1640625 0.33828125 0.1375 0.34453125 0.1046875 0.36484375 0.0734375 0.40859375 0.071875 0.45390625 0.08125 0.50546875 0.10625 0.53515625 0.13125 0.54921875
10 0.1984375 0.77421875 0.2515625 0.77578125 0.284375 0.76171875 0.3203125 0.72890625 0.3375 0.68984375 0.3296875 0.59140625 0.3109375 0.56640625 0.2640625 0.53984375 0.23125 0.53828125 0.165625 0.56640625 0.1421875 0.59140625 0.1265625 0.62890625 0.1265625 0.69140625 0.1375 0.72109375 0.1640625 0.75546875 0.1984375 0.77421875
10 0.4484375 0.72578125 0.496875 0.70859375 0.53125 0.67890625 0.553125 0.63984375 0.559375 0.59921875 0.55 0.54609375 0.5203125 0.50859375 0.4859375 0.48984375 0.4421875 0.48671875 0.3984375 0.49921875 0.3703125 0.52265625 0.3484375 0.55703125 0.334375 0.60703125 0.3375 0.66015625 0.365625 0.69765625 0.3984375 0.71796875 0.4484375 0.72578125
10 0.321875 0.50078125 0.3734375 0.51953125 0.421875 0.49140625 0.4875 0.48984375 0.4921875 0.48515625 0.5015625 0.45859375 0.5015625 0.42109375 0.4921875 0.38671875 0.475 0.35546875 0.43125 0.31796875 0.3890625 0.30234375 0.334375 0.30078125 0.2703125 0.35546875 0.26875 0.38828125 0.28125 0.43046875 0.2828125 0.46171875 0.321875 0.50078125
10 0.75 0.43359375 0.7921875 0.43828125 0.8328125 0.42578125 0.871875 0.39609375 0.890625 0.36171875 0.890625 0.31328125 0.878125 0.28046875 0.8484375 0.25078125 0.8109375 0.23515625 0.7671875 0.23203125 0.7296875 0.24296875 0.69375 0.27265625 0.6765625 0.30390625 0.678125 0.35546875 0.6859375 0.38671875 0.7109375 0.41328125 0.75 0.43359375
10 0.54375 0.49453125 0.6125 0.50390625 0.665625 0.49921875 0.6921875 0.48203125 0.7171875 0.44921875 0.7203125 0.41796875 0.6953125 0.39609375 0.6828125 0.37578125 0.675 0.32265625 0.665625 0.30703125 0.61875 0.29296875 0.5625 0.29609375 0.528125 0.31328125 0.5109375 0.33203125 0.5 0.35859375 0.49375 0.40234375 0.503125 0.44296875 0.515625 0.47421875 0.54375 0.49453125
10 0.4453125 0.32421875 0.4859375 0.32265625 0.5046875 0.31484375 0.525 0.29140625 0.5375 0.26015625 0.540625 0.23359375 0.534375 0.17890625 0.5109375 0.15546875 0.4578125 0.13671875 0.425 0.13203125 0.3921875 0.13671875 0.3484375 0.17578125 0.3359375 0.20390625 0.3359375 0.25234375 0.3625 0.29921875 0.39375 0.30390625 0.4453125 0.32421875
10 0.6640625 0.30859375 0.6765625 0.30390625 0.690625 0.27734375 0.721875 0.24765625 0.790625 0.22265625 0.7921875 0.18046875 0.7796875 0.14296875 0.7609375 0.12109375 0.74375 0.11328125 0.6890625 0.11796875 0.5796875 0.11328125 0.55 0.15390625 0.5390625 0.19609375 0.565625 0.26640625 0.5953125 0.28828125 0.6640625 0.30859375
10 0.6328125 0.71171875 0.696875 0.70078125 0.7015625 0.69140625 0.7484375 0.68046875 0.78125 0.65234375 0.7765625 0.61953125 0.7625 0.60390625 0.7484375 0.56171875 0.725 0.53359375 0.6953125 0.51328125 0.659375 0.50390625 0.615625 0.50859375 0.5890625 0.52265625 0.5625 0.55390625 0.5625 0.66171875 0.571875 0.68046875 0.5984375 0.70078125 0.6328125 0.71171875
10 0.8890625 0.81171875 0.859375 0.75078125 0.8234375 0.70859375 0.7828125 0.68984375 0.734375 0.68671875 0.6984375 0.70390625 0.659375 0.73515625 0.640625 0.79453125 0.6453125 0.84609375 0.66875 0.88671875 0.8765625 0.88671875 0.8890625 0.86328125 0.8890625 0.81171875
10 0.8828125 0.38828125 0.81875 0.43046875 0.75625 0.43671875 0.7359375 0.48359375 0.7375 0.53984375 0.75625 0.58359375 0.7703125 0.59140625 0.7865624999999999 0.59140625 0.7796875 0.60234375 0.790625 0.60703125 0.8015625 0.62421875 0.8328125 0.63359375 0.8453125 0.64609375 0.8890625 0.65390625 0.9296875 0.64765625 0.946875 0.62734375 0.946875 0.59296875 0.978125 0.58203125 0.978125 0.47421875 0.940625 0.42421875 0.8828125 0.38828125
10 0.9015625 0.24765625 0.878125 0.26796875 0.8765625 0.28359375 0.8890625 0.31484375 0.8890625 0.35703125 0.8765625 0.38984375 0.9203125 0.41328125 0.9640625 0.45546875 0.978125 0.46171875 0.978125 0.23046875 0.9234375 0.23828125 0.9015625 0.24765625
10 0.2890625 0.80234375 0.265625 0.77265625 0.196875 0.77109375 0.1625 0.75234375 0.14375 0.73359375 0.1140625 0.74453125 0.08125 0.77109375 0.078125 0.79296875 0.0875 0.84921875 0.0953125 0.85859375 0.1234375 0.86484375 0.1234375 0.87265625 0.10032429218750001 0.8825619109374999 0.11510416718750001 0.88671875 0.115625 0.87890625 0.1232638890625 0.88671875 0.2734375 0.88671875 0.3 0.85390625 0.2890625 0.80234375
10 0.5078125 0.88671875 0.55625 0.88515625 0.6046875 0.86640625 0.6234375 0.83828125 0.63125 0.81171875 0.6328125 0.76640625 0.625 0.73515625 0.6015625 0.71015625 0.55625 0.68046875 0.5296875 0.68515625 0.465625 0.73515625 0.4359375 0.77734375 0.4359375 0.81328125 0.45625 0.85546875 0.4859375 0.88046875 0.5078125 0.88671875