9 1 0.2507987671875 0.95078125 0.25234375 0.9484375 0.2578125 0.96875 0.296875 0.990625 0.3015625 1 0.30074013125 1 0.2507987671875
9 0.33046875 0.28515625 0.22265625 0.27890625 0.15546875 0.25859375 0.12265625 0.26484375 0.1046875 0.2921875 0.10625 0.315625 0.13359375 0.35234375 0.15390625 0.36015625 0.1796875 0.3609375 0.28515625 0.34609375 0.35703125 0.34609375 0.36953125 0.34453125 0.371875 0.3390625 0.353125 0.303125 0.33046875 0.28515625
9 0.92578125 0.25078125 0.71953125 0.23984375 0.67890625 0.24921875 0.56953125 0.25703125 0.45078125 0.28359375 0.36328125 0.28671875 0.3609375 0.29375 0.3734375 0.328125 0.3921875 0.34375 0.69140625 0.31015625 0.85078125 0.30859375 0.94609375 0.32109375 0.95703125 0.32109375 0.959375 0.3109375 0.92578125 0.25078125
9 0.68515625 0.35546875 0.68671875 0.35078125 0.71796875 0.34453125 0.84921875 0.33984375 0.896875 0.33125 0.88046875 0.32265625 0.83671875 0.31640625 0.69140625 0.31328125 0.39609375 0.34453125 0.3859375 0.35 0.38671875 0.35703125 0.37578125 0.34765625 0.20546875 0.35546875 0.1671875 0.3765625 0.1515625 0.396875 0.1484375 0.41875 0.15625 0.4390625 0.16640625 0.44765625 0.2171875 0.45625 0.33984375 0.41484375 0.48828125 0.38984375 0.57265625 0.38515625 0.61640625 0.37578125 0.65703125 0.35390625 0.68515625 0.35546875
9 0.54609375 0.49453125 0.58046875 0.48046875 0.59140625 0.46796875 0.60703125 0.46328125 0.6109375 0.453125 0.59453125 0.44765625 0.53515625 0.44765625 0.41328125 0.46953125 0.32421875 0.46953125 0.2796875 0.4828125 0.28984375 0.48828125 0.18984375 0.48984375 0.15859375 0.50390625 0.1359375 0.5234375 0.128125 0.55625 0.15546875 0.57890625 0.1953125 0.5890625 0.22109375 0.58515625 0.29921875 0.54921875 0.40546875 0.53046875 0.42421875 0.51328125 0.43359375 0.52421875 0.54609375 0.49453125
9 0.38203125 0.55390625 0.38125 0.5453125 0.3890625 0.5375 0.30390625 0.54921875 0.21953125 0.58671875 0.17109375 0.59453125 0.1375 0.6296875 0.128125 0.6640625 0.15078125 0.68359375 0.1765625 0.6828125 0.23671875 0.67421875 0.28515625 0.63203125 0.37265625 0.58359375 0.3875 0.5609375 0.365625 0.55625 0.38203125 0.55390625
9 0.15703125 0.68515625 0.14140625 0.69296875 0.10390625 0.69453125 0.090625 0.7015625 0.09140625 0.71640625 0.13359375 0.71015625 0.13671875 0.73359375 0.1765625 0.740625 0.20390625 0.72578125 0.27421875 0.70859375 0.3140625 0.6828125 0.21796875 0.67578125 0.19609375 0.68359375 0.15703125 0.68515625
9 0.32109375 0.68046875 0.29921875 0.69765625 0.25390625 0.71796875 0.19921875 0.72890625 0.165625 0.753125 0.1546875 0.7796875 0.159375 0.8015625 0.18046875 0.81640625 0.2078125 0.8171875 0.23828125 0.81015625 0.28984375 0.77109375 0.3546875 0.7375 0.340625 0.6890625 0.33359375 0.68203125 0.32109375 0.68046875
9 0.92109375 0.47578125 0.87421875 0.47421875 0.71171875 0.50234375 0.58984375 0.54296875 0.46328125 0.61015625 0.42734375 0.62734375 0.41015625 0.62578125 0.37578125 0.64765625 0.3640625 0.6578125 0.3640625 0.671875 0.375 0.7140625 0.3875 0.715625 0.56484375 0.62421875 0.73984375 0.55546875 0.84296875 0.52734375 0.94453125 0.51171875 0.95 0.5015625 0.92109375 0.47578125
9 0.384375 0.80625 0.3828125 0.790625 0.3640625 0.76875 0.36015625 0.74921875 0.33515625 0.74921875 0.29453125 0.76953125 0.24609375 0.80703125 0.196875 0.825 0.190625 0.8609375 0.1984375 0.878125 0.20859375 0.88828125 0.24375 0.890625 0.27109375 0.88203125 0.32734375 0.83828125 0.37265625 0.84765625 0.3890625 0.8359375 0.3921875 0.8140625 0.384375 0.80625
9 1 0.5387019234375 0.99609375 0.53359375 0.97890625 0.52734375 0.91796875 0.54453125 0.75078125 0.57421875 0.61484375 0.61015625 0.47265625 0.67109375 0.3828125 0.721875 0.384375 0.7359375 0.4015625 0.7609375 0.40625 0.7859375 0.42578125 0.79140625 0.415625 0.8015625 0.42109375 0.81015625 0.4296875 0.809375 0.54296875 0.79296875 0.70703125 0.75859375 0.73125 0.7453125 0.73203125 0.71171875 0.74609375 0.71796875 0.81328125 0.71484375 0.83359375 0.70234375 0.828125 0.709375 0.83828125 0.71640625 0.83984375 0.70078125 1 0.668156828125 1 0.5387019234375
9 0 0.544181034375 0.015625 0.546875 0.0859375 0.5125 0.0484375 0.471875 0.04765625 0.44140625 0.00078125 0.44765625 0 0.448102678125 0 0.544181034375
9 1 0.138221153125 0.96640625 0.13046875 0.74765625 0.12578125 0.69765625 0.13203125 0.67265625 0.12578125 0.61015625 0.12421875 0.51328125 0.13984375 0.39609375 0.17109375 0.33671875 0.19921875 0.27421875 0.23828125 0.23671875 0.25078125 0.22890625 0.26171875 0.19609375 0.24140625 0.14921875 0.24296875 0.12265625 0.25703125 0.109375 0.2734375 0.1015625 0.3 0.09609375 0.29296875 0.07265625 0.30078125 0.05 0.3375 0.03359375 0.34453125 0.01875 0.3625 0.015625 0.384375 0.02109375 0.39296875 0.07265625 0.40390625 0.0828125 0.4 0.071875 0.4359375 0.06328125 0.44140625 0 0.44140625 0 0.636328125 0.00703125 0.63046875 0.02265625 0.63828125 0.03671875 0.63359375 0.04140625 0.63828125 0.08984375 0.63828125 0.09140625 0.68671875 0.10390625 0.67578125 0.11171875 0.68203125 0.1265625 0.6765625 0.11875 0.671875 0.1171875 0.6578125 0.121875 0.640625 0.13046875 0.63671875 0.128125 0.6625 0.14453125 0.68203125 0.21328125 0.68046875 0.21953125 0.67421875 0.24140625 0.67265625 0.25234375 0.66328125 0.25234375 0.67578125 0.25859375 0.67109375 0.26171875 0.67578125 0.303125 0.6796875 0.30234375 0.69140625 0.27890625 0.69296875 0.28125 0.6984375 0.26484375 0.70234375 0.26328125 0.71171875 0.20859375 0.71171875 0.21875 0.71875 0.1875 0.7234375 0.21953125 0.72890625 0.1578125 0.7328125 0.18828125 0.73359375 0.18671875 0.73984375 0.1640625 0.7421875 0.17578125 0.74453125 0.17578125 0.74921875 0.14765625 0.74921875 0.15625 0.74375 0.14609375 0.73984375 0.12421875 0.74140625 0.084375 0.7796875 0.0859375 0.7921875 0.103125 0.8171875 0.090625 0.8203125 0.0953125 0.825 0.090625 0.8453125 0.10078125 0.86328125 0.14609375 0.87109375 0.18359375 0.86328125 0.18984375 0.84921875 0.20234375 0.88359375 0.2390625 0.890625 0.27265625 0.88203125 0.29765625 0.86015625 0.30234375 0.86484375 0.303125 0.8546875 0.31640625 0.84609375 0.33671875 0.84140625 0.38046875 0.84609375 0.39765625 0.82734375 0.4125 0.8453125 0.41875 0.875 0.42578125 0.88046875 0.43125 0.8765625 0.43125 0.86875 0.4234375 0.865625 0.428125 0.85 0.4203125 0.8265625 0.4109375 0.825 0.409375 0.8 0.41484375 0.79453125 0.4234375 0.796875 0.4171875 0.8 0.41953125 0.81171875 0.42421875 0.80703125 0.48203125 0.80234375 0.49921875 0.80703125 0.50234375 0.79609375 0.59140625 0.78203125 0.603125 0.815625 0.6015625 0.8265625 0.6140625 0.8328125 0.62578125 0.86328125 0.6265625 0.8359375 0.61875 0.8234375 0.6140625 0.7875 0.61953125 0.77421875 0.68046875 0.76328125 0.69453125 0.76640625 0.69921875 0.75859375 0.73359375 0.74609375 0.73828125 0.72421875 0.79765625 0.71328125 0.83359375 0.71328125 0.83671875 0.70859375 0.84140625 0.71328125 0.846875 0.709375 0.84140625 0.70234375 0.85078125 0.70546875 0.85546875 0.69921875 0.90390625 0.68984375 0.94921875 0.68984375 0.95390625 0.67890625 1 0.672504340625 1 0.162847221875 0.99453125 0.15859375 0.9859375 0.159375 1 0.1526041671875 1 0.138221153125