10 0.23125 0.36796875 0.296875 0.35390625 0.325 0.33359375 0.3296875 0.31796875 0.3625 0.27265625 0.3671875 0.21953125 0.353125 0.16640625 0.334375 0.12578125 0.3015625 0.08671875 0.246875 0.05078125 0.1921875 0.03515625 0.1296875 0.04296875 0.0984375 0.05703125 0.0703125 0.07890625 0.0453125 0.13046875 0.0484375 0.22734375 0.0625 0.27265625 0.0875 0.31015625 0.1453125 0.35234375 0.1953125 0.36953125 0.23125 0.36796875
10 0.2216605390625 0 0.2375 0.03671875 0.2953125 0.08046875 0.325 0.09140625 0.371875 0.09921875 0.459375 0.05078125 0.48125 0.03203125 0.4976762828125 0 0.2216605390625 0
10 0.6078125 0.37109375 0.6578125 0.34921875 0.671875 0.33203125 0.709375 0.30546875 0.7203125 0.23359375 0.7109375 0.16015625 0.6875 0.12265625 0.6203125 0.06796875 0.5375 0.03984375 0.4765625 0.04453125 0.44375 0.05546875 0.4015625 0.08046875 0.3734375 0.11015625 0.3671875 0.12890625 0.3671875 0.20078125 0.390625 0.26796875 0.428125 0.31328125 0.496875 0.35546875 0.5328125 0.36953125 0.6078125 0.37109375
10 0.5356770828124999 0 0.5375 0.00546875 0.5796875 0.05078125 0.653125 0.07890625 0.73125 0.08671875 0.771875 0.07578125 0.8 0.05859375 0.8559303984375 0 0.5356770828124999 0
10 0 0.6712717859375 0.02522041875 0.673973971875 0.042572434375 0.675901975 0.052212443750000004 0.6643339640625 0.05896045 0.65662195625 0.0714924609375 0.6527659531250001 0.09462848125 0.6469819484375 0.1984375 0.57002925625 0.215625 0.49971675624999995 0.215625 0.41846675624999996 0.1890625 0.39190425625 0.1828125 0.37315425625 0.1609375 0.36065425625 0.103125 0.34034175625 0.084375 0.32627925625 0.034375 0.32940425625 0 0.3535180625 0 0.6712717859375
10 0.4828125 0.58984375 0.5296875 0.54296875 0.546875 0.50546875 0.5546875 0.46015625 0.553125 0.42578125 0.5421875 0.39765625 0.5046875 0.35703125 0.4640625 0.33515625 0.4078125 0.32421875 0.3546875 0.32890625 0.2890625 0.35390625 0.240625 0.39453125 0.215625 0.43828125 0.2015625 0.53671875 0.2046875 0.54609375 0.2921875 0.61640625 0.328125 0.63046875 0.4140625 0.62265625 0.4828125 0.58984375
10 0.796875 0.63984375 0.81875 0.63515625 0.8453125 0.62109375 0.86875 0.59453125 0.8828125 0.56015625 0.8828125 0.49296875 0.8671875 0.44453125 0.825 0.39765625 0.7984375 0.37890625 0.775 0.36640625 0.728125 0.35546875 0.678125 0.36015625 0.6046875 0.39140625 0.578125 0.42890625 0.5703125 0.47109375 0.55625 0.50546875 0.5578125 0.55546875 0.58125 0.59296875 0.5859375 0.59765625 0.6109375 0.59453125 0.6765625 0.63984375 0.796875 0.63984375
10 1 0.11171875 0.975 0.06953125 0.94375 0.04921875 0.8671875 0.04296875 0.80625 0.06171875 0.7546875 0.10546875 0.725 0.17109375 0.7171875 0.22734375 0.71875 0.29453125 0.753125 0.34765625 0.825 0.38203125 0.8984375 0.38671875 0.9359375 0.37109375 0.9796875 0.33359375 1 0.2997395828125 1 0.11171875
10 1 0.32265625 0.9859375 0.32734375 0.9171875 0.39453125 0.89375 0.45390625 0.89375 0.54140625 0.909375 0.61171875 0.9421875 0.66171875 0.9984375 0.70234375 1 0.70303819375 1 0.32265625
10 0.3046875 0.93359375 0.334375 0.90859375 0.3625 0.85390625 0.36875 0.76328125 0.35625 0.70390625 0.33125 0.65546875 0.3 0.61953125 0.228125 0.57890625 0.2015625 0.57734375 0.18125 0.58359375 0.103125 0.65234375 0.0765625 0.69765625 0.0609375 0.76484375 0.0609375 0.82734375 0.078125 0.87578125 0.1078125 0.91484375 0.1765625 0.96171875 0.2703125 0.95078125 0.3046875 0.93359375
10 0.5453125 0.94921875 0.6078125 0.91171875 0.640625 0.87109375 0.6640625 0.80859375 0.665625 0.73671875 0.6609375 0.71484375 0.64375 0.67421875 0.625 0.64765625 0.5640625 0.60234375 0.5234375 0.59453125 0.4859375 0.59921875 0.4359375 0.61640625 0.3875 0.65859375 0.36875 0.70859375 0.371875 0.79921875 0.38125 0.85234375 0.403125 0.88984375 0.4734375 0.95546875 0.515625 0.96015625 0.5453125 0.94921875
10 1 0.7047508453125 0.9453125 0.66484375 0.8921875 0.64921875 0.840625 0.64921875 0.7796875 0.66328125 0.74375 0.67890625 0.7171875 0.69453125 0.6859375 0.72421875 0.675 0.75859375 0.665625 0.85390625 0.68125 0.87421875 0.6984375 0.91796875 0.7484375 0.95390625 0.8046875 0.97109375 0.8421875 0.97109375 0.903125 0.95546875 0.971875 0.91484375 1 0.8844687499999999 1 0.7047508453125
10 0.17911739843750002 1 0.175 0.98828125 0.1328125 0.93359375 0.0875 0.90859375 0.0203125 0.90390625 0 0.9131793484375 0 1 0.17911739843750002 1
10 0.48536305156250004 1 0.453125 0.95234375 0.4171875 0.91640625 0.3828125 0.90546875 0.34375 0.91015625 0.26875 0.95546875 0.2280357140625 1 0.48536305156250004 1
10 0.786852678125 1 0.7421875 0.94609375 0.68125 0.91484375 0.628125 0.91484375 0.5734375 0.93671875 0.5265625 0.97578125 0.515625 1 0.786852678125 1