10 0.34921875 0.4875 0.34609375 0.440625 0.33515625 0.425 0.31796875 0.415625 0.27890625 0.4125 0.26171875 0.4171875 0.24296875 0.4328125 0.23359375 0.4546875 0.23671875 0.4953125 0.25390625 0.5171875 0.26640625 0.521875 0.32890625 0.5140625 0.34140625 0.50625 0.34921875 0.4875
10 0.37109375 0.5421875 0.33984375 0.5078125 0.30859375 0.521875 0.27109375 0.5265625 0.26171875 0.55 0.26640625 0.6 0.29140625 0.61875 0.34140625 0.61875 0.36640625 0.5953125 0.37421875 0.5734375 0.37109375 0.5421875
10 0.39296875 0.35 0.36640625 0.33125 0.34296875 0.328125 0.30859375 0.3359375 0.28203125 0.375 0.28046875 0.4109375 0.31328125 0.415625 0.34140625 0.43125 0.37265625 0.4296875 0.39453125 0.403125 0.39296875 0.35
10 0.47734375 0.5171875 0.46640625 0.4703125 0.43671875 0.4390625 0.37265625 0.4375 0.35234375 0.44375 0.34765625 0.5125 0.35390625 0.528125 0.37734375 0.5484375 0.42109375 0.55625 0.44921875 0.546875 0.47734375 0.5171875
10 0.65078125 0.559375 0.65859375 0.5484375 0.67109375 0.5015625 0.66015625 0.471875 0.64140625 0.453125 0.61796875 0.44375 0.59140625 0.44375 0.56328125 0.459375 0.54921875 0.4796875 0.54453125 0.49375 0.54765625 0.5265625 0.55703125 0.5453125 0.58046875 0.5671875 0.62578125 0.571875 0.65078125 0.559375
10 0.56171875 0.596875 0.57265625 0.5703125 0.54296875 0.509375 0.52578125 0.503125 0.49765625 0.50625 0.47578125 0.5171875 0.46171875 0.5296875 0.44765625 0.55625 0.44609375 0.575 0.45703125 0.6015625 0.49453125 0.6296875 0.52734375 0.6265625 0.54296875 0.6171875 0.56171875 0.596875
10 0.45859375 0.6578125 0.44921875 0.6359375 0.36015625 0.6421875 0.35390625 0.65 0.35078125 0.690625 0.35859375 0.7109375 0.37265625 0.725 0.43359375 0.725 0.45859375 0.7 0.45859375 0.6578125
10 0.56171875 0.6578125 0.53203125 0.628125 0.48515625 0.6296875 0.47421875 0.6359375 0.46015625 0.659375 0.45703125 0.6984375 0.44296875 0.7140625 0.44296875 0.721875 0.50078125 0.7265625 0.57109375 0.7203125 0.56171875 0.6578125
10 0.48359375 0.5109375 0.50859375 0.503125 0.54140625 0.5046875 0.56328125 0.459375 0.55703125 0.4203125 0.54453125 0.4 0.51484375 0.3859375 0.48515625 0.384375 0.46484375 0.390625 0.44921875 0.4078125 0.45078125 0.4296875 0.44453125 0.434375 0.44453125 0.446875 0.46640625 0.4734375 0.47265625 0.50625 0.48359375 0.5109375
10 0.67265625 0.425 0.67265625 0.396875 0.66484375 0.375 0.63515625 0.353125 0.60859375 0.35 0.58359375 0.3578125 0.56484375 0.3765625 0.55703125 0.3953125 0.55546875 0.4203125 0.56328125 0.4578125 0.59140625 0.446875 0.61796875 0.446875 0.65546875 0.4578125 0.67265625 0.425
10 0.72734375 0.3421875 0.72265625 0.31875 0.71484375 0.3015625 0.69453125 0.2828125 0.64765625 0.28125 0.62734375 0.2953125 0.61953125 0.3140625 0.61953125 0.35 0.65234375 0.3640625 0.67578125 0.3984375 0.71015625 0.3828125 0.72421875 0.36875 0.72734375 0.3421875