10 0.2348958328125 0 0.2328125 0.0125 0.2328125 0.05625 0.246875 0.0953125 0.2671875 0.11875 0.2984375 0.1359375 0.33125 0.134375 0.359375 0.1203125 0.403125 0.1140625 0.43125 0.0734375 0.4359375 0.0421875 0.431982421875 0 0.2348958328125 0
10 0.512692615625 0 0.5098388203125 0.0064210390625 0.5098388203125 0.0767335390625 0.5192138203125001 0.0954835390625 0.5442138203125 0.1204835390625 0.5817138203125001 0.1298585390625 0.6270263203125 0.1298585390625 0.6582763203125 0.1204835390625 0.6801513203125 0.1064210390625 0.7035888203125 0.0611085390625 0.7067138203125001 0.0157960390625 0.6996933578125 0 0.512692615625 0
10 0.253125 0.6625 0.2375 0.690625 0.2234375 0.7421875 0.221875 0.7921875 0.228125 0.815625 0.2515625 0.8609375 0.2859375 0.9 0.34375 0.8875 0.40625 0.8828125 0.4453125 0.8875 0.5109375 0.909375 0.5390625 0.8828125 0.5453125 0.86875 0.51875 0.7828125 0.521875 0.7328125 0.540625 0.665625 0.465625 0.609375 0.4375 0.6015625 0.3953125 0.6 0.3296875 0.6109375 0.271875 0.64375 0.253125 0.6625
10 0.5944196421875 1 0.5703125 0.9625 0.5234375 0.9203125 0.49375 0.9078125 0.4203125 0.8984375 0.3875 0.884375 0.3546875 0.8828125 0.296875 0.8984375 0.2625 0.928125 0.228125 0.9703125 0.2277238171875 1 0.5944196421875 1
10 0.565625 0.65 0.5359375 0.7046875 0.525 0.7640625 0.53125 0.8296875 0.5515625 0.865625 0.578125 0.8921875 0.6078125 0.909375 0.671875 0.91875 0.746875 0.90625 0.8046875 0.871875 0.8375 0.8421875 0.8640625 0.7890625 0.865625 0.70625 0.8484375 0.6484375 0.8328125 0.61875 0.8171875 0.603125 0.775 0.5859375 0.725 0.584375 0.671875 0.590625 0.6140625 0.6125 0.565625 0.65
10 1 0.6265625 0.971875 0.559375 0.9328125 0.5140625 0.903125 0.496875 0.878125 0.5109375 0.8765625 0.503125 0.890625 0.49375 0.8453125 0.48125 0.765625 0.509375 0.7265625 0.54375 0.7078125 0.571875 0.7453125 0.575 0.8078125 0.5953125 0.825 0.6078125 0.84375 0.6328125 0.8671875 0.703125 0.8671875 0.79375 0.8765625 0.803125 0.9 0.8046875 0.9171875 0.8140625 0.9546875 0.815625 0.9890625 0.76875 1 0.744140625 1 0.6265625
10 1 1 1 0.83203125 0.9765625 0.821875 0.934375 0.81875 0.8890625 0.825 0.84375 0.84375 0.81875 0.8625 0.76875 0.9140625 0.7359375 0.971875 0.72860054375 1 1 1
10 0.06875 0.265625 0.075 0.3203125 0.1109375 0.3578125 0.1375 0.371875 0.1765625 0.38125 0.2296875 0.3796875 0.2765625 0.3390625 0.2859375 0.3234375 0.290625 0.2734375 0.2859375 0.25 0.278125 0.2328125 0.2328125 0.19375 0.203125 0.18125 0.1625 0.178125 0.1078125 0.1984375 0.0796875 0.228125 0.06875 0.265625
10 0.29375 0.2109375 0.296875 0.2578125 0.3125 0.2953125 0.3390625 0.3203125 0.36875 0.33125 0.43125 0.3328125 0.4796875 0.2953125 0.4921875 0.2734375 0.4953125 0.2359375 0.4859375 0.19375 0.4640625 0.153125 0.4390625 0.1328125 0.4078125 0.1234375 0.371875 0.1234375 0.340625 0.134375 0.3125 0.1640625 0.29375 0.2109375
10 0.434375 0.346875 0.4296875 0.4078125 0.446875 0.453125 0.45625 0.4609375 0.4984375 0.4640625 0.5953125 0.4515625 0.6375 0.4375 0.653125 0.4234375 0.671875 0.3546875 0.66875 0.3296875 0.6015625 0.2859375 0.5328125 0.2765625 0.503125 0.284375 0.4640625 0.3078125 0.434375 0.346875
10 0.5077959703125 0.21675209843749998 0.503262790625 0.23941799375 0.50261519375 0.273740634375 0.5330522531249999 0.272445440625 0.580326834375 0.275035828125 0.61076389375 0.273740634375 0.636667775 0.2569031125 0.6444389390625 0.2316468296875 0.64055335625 0.1843722484375 0.61076389375 0.151992396875 0.5706128796875001 0.13126929375000002 0.5252810890624999 0.1222029359375 0.48836805937500005 0.133212084375 0.47088294062499997 0.15328759218750002 0.4896632546875 0.1759534875 0.5077959703125 0.21675209843749998
10 0.0943766203125 0 0.09398148281249999 0.0017498921875 0.0985146625 0.055500443749999996 0.13996087031249999 0.0956514578125 0.1691027359375 0.1086033984375 0.1988921984375 0.115726965625 0.22673886875 0.1137841734375 0.24292879374999998 0.10018463749999999 0.2345100328125 0.069747578125 0.22414848125 0.0347773390625 0.22673886875 0.0043402796875 0.2293430359375 0 0.0943766203125 0
10 0.24599223750000002 0.4309234421875 0.321870253125 0.45081655468750004 0.384107278125 0.45848961250000003 0.4395238078125 0.4610472984375 0.4443549921875 0.4567844890625 0.44179730624999997 0.4411541859375 0.43440843593749995 0.41074614218749994 0.4281563140625 0.392842340625 0.4287246890625 0.3837483453125 0.4290088765625 0.36726548124999997 0.42531444062499996 0.3558979875 0.41337857343750006 0.34595143125 0.394053834375 0.3374258109375 0.3761500328125 0.33344718906250004 0.3559727328125 0.3269108796875 0.344321053125 0.32350063281249997 0.3301116859375 0.3226480703125 0.31902838125 0.32350063281249997 0.302545515625 0.3271950671875 0.2908938359375 0.3351523125 0.261906728125 0.356182175 0.2445713015625 0.38005391093749996 0.23462474375000003 0.412735453125 0.23434055781250002 0.423818759375 0.24599223750000002 0.4309234421875
10 0.71875 0.1875 0.7578125 0.2015625 0.8140625 0.2 0.8453125 0.1828125 0.8671875 0.1546875 0.878125 0.125 0.8765625 0.0828125 0.8625 0.053125 0.834375 0.021875 0.7984375 0.0109375 0.75625 0.0125 0.7171875 0.034375 0.7109375 0.040625 0.7078125 0.059375 0.7140625 0.0953125 0.7 0.1375 0.6984375 0.1609375 0.71875 0.1875
10 0.6671875 0.3609375 0.6515625 0.409375 0.6546875 0.428125 0.715625 0.4078125 0.7734375 0.3734375 0.7953125 0.35 0.796875 0.321875 0.78125 0.2890625 0.7578125 0.2671875 0.7296875 0.253125 0.6921875 0.24375 0.6609375 0.2453125 0.6109375 0.2703125 0.609375 0.2921875 0.659375 0.3296875 0.6671875 0.34375 0.6671875 0.3609375