9 0 0.4630729171875 0.03046875 0.5125 0.04296875 0.5171875 0.0671875 0.48671875 0.11171875 0.4640625 0.01171875 0.3109375 0.00390625 0.2859375 0.00859375 0.2265625 0.00234375 0.19375 0 0.1907670453125 0 0.4630729171875
9 0.28359375 0.725 0.22109375 0.6375 0.13828125 0.5046875 0.1109375 0.48984375 0.0921875 0.49765625 0.0734375 0.49609375 0.06953125 0.5109375 0.05078125 0.5203125 0.05546875 0.5265625 0.05390625 0.5640625 0.08828125 0.6265625 0.13828125 0.771875 0.16875 0.81171875 0.20859375 0.8125 0.20546875 0.8234375 0.21171875 0.8296875 0.20390625 0.8390625 0.21484375 0.8484375 0.21328125 0.8625 0.234375 0.90390625 0.25625 0.91171875 0.31796875 0.9125 0.35390625 0.9078125 0.36015625 0.8859375 0.35546875 0.834375 0.28984375 0.775 0.29140625 0.75 0.28359375 0.725
9 0 0.192912946875 0.00859375 0.215625 0.00546875 0.2828125 0.01328125 0.3109375 0.11171875 0.4625 0.13515625 0.4640625 0.19140625 0.4515625 0.07109375 0.2859375 0.05078125 0.24375 0.04921875 0.221875 0.04140625 0.2171875 0.02734375 0.1703125 0.00546875 0.1296875 0 0.12178819375000001 0 0.192912946875
9 0.459375 0.76640625 0.4640625 0.77421875 0.4703125 0.76796875 0.490625 0.76640625 0.49453125 0.7609375 0.48671875 0.759375 0.48359375 0.7421875 0.4546875 0.71015625 0.4046875 0.68046875 0.3859375 0.67734375 0.36953125 0.6421875 0.2203125 0.48046875 0.20625 0.47265625 0.178125 0.47265625 0.1328125 0.48515625 0.12734375 0.490625 0.14921875 0.515625 0.23046875 0.646875 0.29921875 0.7390625 0.30703125 0.784375 0.36171875 0.8296875 0.36328125 0.9109375 0.41640625 0.9125 0.42421875 0.90625 0.42421875 0.8953125 0.41953125 0.8359375 0.40859375 0.796875 0.4359375 0.76953125 0.459375 0.76640625
9 0.19375 0.45390625 0.24453125 0.46875 0.16953125 0.371875 0.15859375 0.3484375 0.0328125 0.17421875 0.05234375 0.2453125 0.09609375 0.325 0.19375 0.45390625
9 0.3875 0.59921875 0.321875 0.55078125 0.265625 0.49765625 0.23671875 0.4953125 0.24921875 0.5171875 0.36484375 0.6328125 0.3875 0.67265625 0.41875 0.67890625 0.4703125 0.71015625 0.50703125 0.7515625 0.50703125 0.775 0.52578125 0.7796875 0.5578125 0.77734375 0.57734375 0.753125 0.56953125 0.7203125 0.5296875 0.67890625 0.5015625 0.65859375 0.3875 0.59921875
9 0.1453125 0.29609375 0.11484375 0.284375 0.20625 0.41328125 0.2375 0.42109375 0.26640625 0.4203125 0.2828125 0.41328125 0.29609375 0.3984375 0.29765625 0.38125 0.284375 0.36640625 0.215625 0.33828125 0.1453125 0.29609375
9 0.1703125 0.26015625 0.165625 0.27734375 0.15 0.27734375 0.1453125 0.25859375 0.1296875 0.25859375 0.12734375 0.2421875 0.1109375 0.23984375 0.13984375 0.2796875 0.1734375 0.31015625 0.21875 0.33671875 0.2765625 0.36015625 0.29453125 0.375 0.30078125 0.3859375 0.29609375 0.4296875 0.3359375 0.47578125 0.35390625 0.484375 0.3765625 0.45703125 0.3984375 0.44921875 0.40390625 0.4359375 0.1796875 0.22734375 0.18828125 0.25625 0.1703125 0.26015625
9 0.77578125 0.8125 0.7765625 0.80703125 0.85703125 0.8015625 0.8421875 0.80078125 0.8328125 0.79296875 0.7953125 0.78984375 0.8171875 0.78515625 0.81640625 0.778125 0.790625 0.77109375 0.80078125 0.7640625 0.7921875 0.75390625 0.778125 0.75546875 0.7734375 0.73671875 0.7046875 0.73046875 0.678125 0.69296875 0.6234375 0.64765625 0.5625 0.58203125 0.434375 0.46484375 0.409375 0.46171875 0.38359375 0.4765625 0.37265625 0.4984375 0.37421875 0.5109375 0.44140625 0.578125 0.50078125 0.6515625 0.56484375 0.7109375 0.57734375 0.7328125 0.58203125 0.7609375 0.596875 0.77734375 0.6171875 0.78359375 0.6421875 0.76640625 0.653125 0.74921875 0.6625 0.74765625 0.69453125 0.7890625 0.69453125 0.8046875 0.70390625 0.81875 0.7 0.82421875 0.75390625 0.8265625 0.81640625 0.8234375 0.8125 0.81484375 0.80625 0.82109375 0.7984375 0.81484375 0.7859375 0.81796875 0.77578125 0.8125
9 0.14765625 0.11875 0.134375 0.12265625 0.13203125 0.1390625 0.12109375 0.1421875 0.13828125 0.1578125 0.13984375 0.1671875 0.18671875 0.2125 0.25390625 0.296875 0.3296875 0.36953125 0.4046875 0.43671875 0.42734375 0.4390625 0.475 0.43046875 0.47890625 0.421875 0.334375 0.28671875 0.24765625 0.1921875 0.15 0.09921875 0.14765625 0.11875
9 1 0.749747596875 0.9640625 0.72265625 0.959375 0.72578125 0.8859375 0.70234375 0.8171875 0.69609375 0.7671875 0.67734375 0.7515625 0.65078125 0.7296875 0.63203125 0.7 0.62421875 0.6796875 0.58984375 0.61875 0.54453125 0.5203125 0.45546875 0.4984375 0.44609375 0.4390625 0.45546875 0.44140625 0.4671875 0.50078125 0.5296875 0.534375 0.55546875 0.5421875 0.57109375 0.5546875 0.57421875 0.56015625 0.5890625 0.5734375 0.59296875 0.58046875 0.6078125 0.5921875 0.61171875 0.6421875 0.66640625 0.65546875 0.671875 0.659375 0.68828125 0.66875 0.68671875 0.67890625 0.69375 0.67890625 0.7203125 0.68515625 0.7171875 0.68046875 0.7125 0.684375 0.70078125 0.69921875 0.7265625 0.71484375 0.73125 0.67578125 0.7421875 0.69765625 0.7484375 0.703125 0.78515625 0.70546875 0.7703125 0.71171875 0.7703125 0.71484375 0.8296875 0.70859375 0.8484375 0.71796875 0.89375 0.73125 0.89453125 0.7390625 0.90546875 0.7484375 0.89609375 0.7625 0.91015625 0.771875 0.90546875 0.775 0.91171875 0.82421875 0.9125 0.8953125 0.91015625 0.9265625 0.88828125 0.959375 0.88671875 0.96015625 0.8765625 0.94609375 0.8578125 0.9546875 0.85859375 0.9625 0.84765625 0.99375 0.84765625 1 0.83828125 1 0.749747596875
9 0.61328125 0.1078125 0.60625 0.10234375 0.59140625 0.1296875 0.58984375 0.1609375 0.57734375 0.2015625 0.56953125 0.3265625 0.54453125 0.459375 0.54453125 0.4703125 0.55390625 0.48125 0.60546875 0.525 0.63046875 0.4296875 0.65078125 0.221875 0.64921875 0.1890625 0.62265625 0.1203125 0.6203125 0.08984375 0.61328125 0.1078125
9 0.56328125 0.509375 0.5625 0.51796875 0.56796875 0.515625 0.56953125 0.521875 0.56171875 0.525 0.56484375 0.5296875 0.578125 0.53203125 0.5859375 0.52421875 0.59765625 0.5375 0.59453125 0.55 0.60234375 0.5609375 0.61484375 0.5390625 0.540625 0.47578125 0.53984375 0.484375 0.55703125 0.5 0.55546875 0.509375 0.56328125 0.509375
9 0.65 0.50703125 0.61953125 0.5046875 0.6234375 0.51171875 0.6453125 0.51328125 0.64921875 0.5234375 0.65703125 0.525 0.65859375 0.534375 0.64296875 0.5390625 0.65625 0.54296875 0.659375 0.55234375 0.67421875 0.553125 0.67109375 0.5625 0.684375 0.58359375 0.68515625 0.5734375 0.69375 0.56953125 0.7046875 0.58828125 0.76015625 0.6046875 0.7625 0.59765625 0.6984375 0.55078125 0.684375 0.53359375 0.6625 0.53671875 0.67578125 0.5296875 0.65 0.50703125
9 0.4078125 0.37734375 0.3953125 0.36640625 0.38984375 0.390625 0.38359375 0.3625 0.39296875 0.3546875 0.390625 0.34296875 0.375 0.34765625 0.37734375 0.353125 0.3703125 0.36171875 0.35625 0.35546875 0.3515625 0.36796875 0.346875 0.35703125 0.33046875 0.3625 0.40625 0.43359375 0.43359375 0.434375 0.46171875 0.4265625 0.43359375 0.4234375 0.43359375 0.4078125 0.42421875 0.4046875 0.425 0.37734375 0.4078125 0.37734375
9 0.39375 0.08828125 0.40234375 0.0921875 0.40078125 0.109375 0.41328125 0.1140625 0.40078125 0.11875 0.4 0.13203125 0.39296875 0.1234375 0.39921875 0.11875 0.39609375 0.1125 0.3921875 0.11796875 0.3859375 0.11484375 0.38125 0.13203125 0.36484375 0.13125 0.36640625 0.1453125 0.371875 0.15078125 0.375 0.13828125 0.3828125 0.13828125 0.3859375 0.14609375 0.40078125 0.14375 0.4 0.14921875 0.375 0.15078125 0.37421875 0.1578125 0.41328125 0.23125 0.42265625 0.28125 0.48828125 0.3875 0.49921875 0.421875 0.51953125 0.45 0.53984375 0.4640625 0.55078125 0.434375 0.55859375 0.38125 0.47265625 0.2421875 0.41015625 0.096875 0.403125 0.08828125 0.39375 0.08828125
9 0.33984375 0.2640625 0.35546875 0.303125 0.4640625 0.40546875 0.48515625 0.41875 0.48828125 0.4125 0.47734375 0.378125 0.37109375 0.2140625 0.3421875 0.17890625 0.32734375 0.184375 0.32734375 0.1578125 0.28046875 0.0890625 0.275 0.08359375 0.2421875 0.08359375 0.27734375 0.15625 0.31484375 0.2046875 0.32890625 0.2109375 0.33984375 0.2640625
9 0.6640625 0.23671875 0.65 0.23515625 0.64921875 0.2609375 0.66953125 0.29375 0.75078125 0.3828125 0.7453125 0.38828125 0.728125 0.38671875 0.72265625 0.3984375 0.7328125 0.40859375 0.73984375 0.4078125 0.74140625 0.4171875 0.7765625 0.45390625 0.84765625 0.5078125 0.88984375 0.4625 0.82421875 0.3859375 0.7875 0.33203125 0.7828125 0.34140625 0.7765625 0.33984375 0.6640625 0.23671875
9 1 0.538956925 0.91875 0.48515625 0.9046875 0.48359375 0.88359375 0.4953125 0.86640625 0.51875 0.86640625 0.5265625 0.8828125 0.54296875 1 0.6341145828125 1 0.538956925
9 1 0.40184375 0.98359375 0.3828125 0.96953125 0.3484375 0.95078125 0.334375 0.93203125 0.3 0.85078125 0.19375 0.79609375 0.096875 0.784375 0.08828125 0.753125 0.08359375 0.69375 0.08359375 0.6640625 0.09296875 0.66796875 0.11875 0.72734375 0.196875 0.72109375 0.2046875 0.728125 0.20234375 0.7328125 0.21171875 0.74453125 0.215625 0.734375 0.22265625 0.7484375 0.22421875 0.753125 0.23359375 0.75859375 0.23125 0.75859375 0.2421875 0.77734375 0.25625 0.765625 0.25703125 0.7625 0.24765625 0.76171875 0.2609375 0.771875 0.26953125 0.7765625 0.26171875 0.78359375 0.265625 0.77734375 0.275 0.78046875 0.28125 0.78515625 0.28125 0.7875 0.26796875 0.78984375 0.28125 0.79765625 0.284375 0.79140625 0.2890625 0.79609375 0.3 0.85234375 0.3828125 0.84921875 0.3875 0.85703125 0.390625 0.85546875 0.415625 0.8609375 0.42421875 0.865625 0.41484375 0.87265625 0.4203125 0.86328125 0.4265625 0.86484375 0.43125 0.87734375 0.4359375 0.87421875 0.4421875 0.884375 0.45234375 0.9 0.45078125 0.8953125 0.46171875 0.9109375 0.46484375 0.91875 0.46015625 0.91796875 0.4703125 0.9484375 0.49921875 0.95234375 0.484375 0.94296875 0.4796875 0.94296875 0.4640625 0.959375 0.46796875 0.9609375 0.47265625 0.94765625 0.475 0.95859375 0.48125 0.95546875 0.4859375 0.978125 0.48984375 0.97265625 0.4953125 0.98046875 0.5 0.978125 0.50703125 0.98984375 0.509375 0.99453125 0.5296875 1 0.5322779609375 1 0.40184375