10 0.2984375 0.21484375 0.303125 0.16171875 0.29375 0.13046875 0.2640625 0.09296875 0.215625 0.07421875 0.1546875 0.07265625 0.134375 0.08046875 0.109375 0.10078125 0.0875 0.13515625 0.0859375 0.23203125 0.11875 0.28671875 0.1375 0.29453125 0.2234375 0.29921875 0.265625 0.27421875 0.2984375 0.21484375
10 0.3703125 0.38515625 0.434375 0.38046875 0.478125 0.32890625 0.490625 0.30390625 0.49375 0.26640625 0.484375 0.21953125 0.4765625 0.20703125 0.4234375 0.17734375 0.378125 0.17109375 0.340625 0.18046875 0.3125 0.19765625 0.2890625 0.22890625 0.2703125 0.27890625 0.26875 0.30546875 0.278125 0.33984375 0.3109375 0.38359375 0.3109375 0.39765625 0.325 0.39765625 0.3703125 0.38515625
10 0.628125 0.24921875 0.646875 0.23515625 0.66875 0.20078125 0.671875 0.16328125 0.665625 0.13828125 0.634375 0.08984375 0.603125 0.06796875 0.559375 0.06015625 0.5046875 0.06328125 0.478125 0.08046875 0.4546875 0.11640625 0.453125 0.15390625 0.4640625 0.19453125 0.5015625 0.24296875 0.5203125 0.25546875 0.5640625 0.26171875 0.628125 0.24921875
10 0.8765625 0.31171875 0.8921875 0.28515625 0.9 0.22890625 0.8890625 0.19765625 0.890625 0.17265625 0.821875 0.13203125 0.79375 0.12890625 0.7578125 0.13671875 0.7171875 0.15859375 0.6921875 0.18359375 0.671875 0.21796875 0.6609375 0.25546875 0.6609375 0.29453125 0.7 0.35078125 0.7453125 0.36171875 0.784375 0.35078125 0.834375 0.34609375 0.8765625 0.31171875
10 0.6625 0.45546875 0.68125 0.43515625 0.70625 0.37890625 0.7046875 0.36015625 0.6671875 0.29765625 0.6515625 0.28203125 0.60625 0.26953125 0.5578125 0.27109375 0.5125 0.28671875 0.490625 0.30234375 0.46875 0.34296875 0.4703125 0.40078125 0.4921875 0.43828125 0.5171875 0.46171875 0.5625 0.47734375 0.615625 0.47734375 0.6625 0.45546875
10 0.8703125 0.56640625 0.8640625 0.55390625 0.8828125 0.55390625 0.8828125 0.53046875 0.9015625 0.48515625 0.9046875 0.43828125 0.896875 0.40078125 0.871875 0.36953125 0.8203125 0.34765625 0.76875 0.35078125 0.715625 0.37734375 0.6875 0.42265625 0.690625 0.50546875 0.6953125 0.51953125 0.7203125 0.54609375 0.7453125 0.56015625 0.7828125 0.56953125 0.8703125 0.56640625
10 0.24375 0.48828125 0.2796875 0.42421875 0.278125 0.37421875 0.2640625 0.33671875 0.2390625 0.31171875 0.2046875 0.29609375 0.15 0.29453125 0.1140625 0.30859375 0.075 0.35234375 0.0640625 0.38515625 0.0609375 0.44609375 0.065625 0.45859375 0.090625 0.49140625 0.13125 0.51328125 0.2140625 0.51015625 0.24375 0.48828125
10 0.471875 0.56953125 0.4921875 0.54609375 0.5046875 0.51953125 0.515625 0.46484375 0.4796875 0.41171875 0.4578125 0.39140625 0.3859375 0.38203125 0.3296875 0.39453125 0.2828125 0.42109375 0.2375 0.49140625 0.2390625 0.52109375 0.2890625 0.58046875 0.3203125 0.59453125 0.3734375 0.60078125 0.4328125 0.59296875 0.471875 0.56953125
10 0.803125 0.12734375 0.80625 0.11328125 0.828125 0.09453125 0.8453125 0.05078125 0.8453125 0.03046875 0.75625 0.03515625 0.6359375 0.03046875 0.6328125 0.03828125 0.6328125 0.07890625 0.6625 0.13828125 0.675 0.15234375 0.709375 0.16015625 0.7453125 0.14296875 0.803125 0.12734375
10 0.3046875 0.14296875 0.3515625 0.15546875 0.3984375 0.15234375 0.428125 0.13515625 0.4578125 0.10546875 0.4796875 0.05703125 0.4609375 0.03046875 0.4015625 0.03046875 0.3796875 0.04296875 0.3484375 0.04296875 0.3421875 0.03046875 0.271875 0.03046875 0.259375 0.05546875 0.259375 0.08984375 0.2921875 0.13359375 0.3046875 0.14296875
10 0.259375 0.71640625 0.2859375 0.66640625 0.2921875 0.61015625 0.2796875 0.56484375 0.246875 0.52734375 0.209375 0.51015625 0.1625 0.51015625 0.11875 0.52109375 0.09375 0.54140625 0.0671875 0.58359375 0.0578125 0.62421875 0.0578125 0.67109375 0.0828125 0.70859375 0.10625 0.72578125 0.159375 0.73828125 0.2328125 0.72734375 0.259375 0.71640625
10 0.5015625 0.77421875 0.53125 0.71328125 0.5328125 0.69453125 0.50625 0.63828125 0.4796875 0.60703125 0.4265625 0.59140625 0.375 0.59921875 0.334375 0.61796875 0.3015625 0.65546875 0.2859375 0.70703125 0.2875 0.74921875 0.3390625 0.79453125 0.3765625 0.80703125 0.4359375 0.80859375 0.46875 0.79609375 0.5015625 0.77421875
10 0.6015625 0.64140625 0.6125 0.63203125 0.6953125 0.61640625 0.7078125 0.60390625 0.7078125 0.55546875 0.69375 0.52265625 0.6671875 0.49765625 0.61875 0.47578125 0.5671875 0.47734375 0.528125 0.49140625 0.5015625 0.51796875 0.484375 0.56484375 0.4859375 0.61171875 0.503125 0.63984375 0.51875 0.65546875 0.575 0.67734375 0.590625 0.67265625 0.6015625 0.64140625
10 0.8453125 0.81953125 0.79375 0.81328125 0.74375 0.82578125 0.7125 0.85859375 0.6953125 0.90078125 0.69375 0.93203125 0.7078125 0.96953125 0.9109375 0.96953125 0.9140625 0.91328125 0.90625 0.88203125 0.8859375 0.85078125 0.8453125 0.81953125
10 0.68125 0.88046875 0.70625 0.86484375 0.7296875 0.82421875 0.73125 0.78359375 0.71875 0.74765625 0.7 0.71953125 0.6734375 0.69921875 0.6 0.69765625 0.58125 0.68359375 0.5625 0.68828125 0.5265625 0.71796875 0.50625 0.76328125 0.5046875 0.79453125 0.51875 0.83515625 0.553125 0.87109375 0.5875 0.88828125 0.634375 0.89296875 0.68125 0.88046875
10 0.3390625 0.96484375 0.340625 0.94140625 0.359375 0.88515625 0.3625 0.84921875 0.3453125 0.80234375 0.3046875 0.75859375 0.271875 0.73984375 0.234375 0.73046875 0.175 0.73671875 0.1421875 0.74921875 0.1328125 0.75859375 0.115625 0.80703125 0.115625 0.87109375 0.1375 0.91640625 0.153125 0.93203125 0.184375 0.95390625 0.21875 0.96484375 0.3390625 0.96484375
10 0.496875 0.82578125 0.45625 0.81953125 0.4 0.83203125 0.375 0.84453125 0.3578125 0.86640625 0.340625 0.92890625 0.3421875 0.96953125 0.5671875 0.96953125 0.5734375 0.91640625 0.559375 0.87890625 0.5328125 0.84609375 0.496875 0.82578125
10 0.7671875 0.78046875 0.8359375 0.78203125 0.8828125 0.76796875 0.9078125 0.74453125 0.9171875 0.71640625 0.9109375 0.62578125 0.9 0.60234375 0.8703125 0.57890625 0.828125 0.57109375 0.7796875 0.57421875 0.7421875 0.58359375 0.70625 0.61328125 0.7046875 0.63671875 0.7125 0.67265625 0.7046875 0.68359375 0.6796875 0.69765625 0.725 0.76328125 0.7671875 0.78046875