2 0.50234375 0.69609375 0.2515625 0.2359375
2 0.36953125 0.6578125 0.1640625 0.2375
2 0.5390625 0.39921875 0.29375 0.2171875
2 0.31484375 0.38515625 0.2015625 0.2484375
2 0.803125 0.52578125 0.21875 0.3140625
2 0.70546875 0.65859375 0.3015625 0.1859375
2 0.0890625 0.453125 0.13125 0.203125
2 0.51015625 0.6984375 0.2609375 0.228125
2 0.85859375 0.2890625 0.2359375 0.2125
2 0.6359375 0.35859375 0.290625 0.1953125
2 0.34921875 0.26484375 0.2609375 0.1640625
2 0.0921875 0.2796875 0.1375 0.19375
2 0.28671875 0.53125 0.2234375 0.121875
2 0.90234375 0.54296875 0.1515625 0.2984375
2 0.8890625 0.7359375 0.178125 0.109375