2 0.159375 0.3640625 0.090625 0.209375
2 0.23359375 0.3671875 0.1109375 0.21875
2 0.13515625 0.59921875 0.1171875 0.2609375
2 0.33125 0.3578125 0.178125 0.1875
2 0.45546875 0.36328125 0.1390625 0.1953125
2 0.515625 0.36328125 0.165625 0.1953125
2 0.55625 0.38125 0.146875 0.190625
2 0.640625 0.37265625 0.13125 0.2390625
2 0.7203125 0.3609375 0.13125 0.209375
2 0.86328125 0.37265625 0.1078125 0.2078125
2 0.8109375 0.40390625 0.08125 0.1921875
2 0.86875 0.59375 0.13125 0.25
2 0.6625 0.5875 0.134375 0.275
2 0.58671875 0.6171875 0.1484375 0.259375
2 0.48828125 0.5921875 0.1921875 0.246875
2 0.259375 0.55234375 0.1375 0.2109375
2 0.20546875 0.64375 0.1328125 0.184375
2 0.3109375 0.6078125 0.15 0.275
2 0.390625 0.56796875 0.1375 0.2484375
2 0.45234375 0.621875 0.1578125 0.225
2 0.76171875 0.59296875 0.1546875 0.2765625