0 0.17578125 0.34296875 0.3046875 0.121875
0 0.11484375 0.4828125 0.1828125 0.1984375
0 0.11328125 0.59921875 0.1796875 0.14375
0 0.1234375 0.72265625 0.2 0.109375
0 0.31171875 0.71171875 0.3515625 0.153125
0 0.4046875 0.6171875 0.325 0.2265625
0 0.43671875 0.38203125 0.2390625 0.33125
0 0.5515625 0.334375 0.203125 0.2109375
0 0.75625 0.34609375 0.215625 0.146875
0 0.85703125 0.44765625 0.2390625 0.25
0 0.9171875 0.33828125 0.121875 0.096875
0 0.63828125 0.65390625 0.1359375 0.1375
0 0.65625 0.753125 0.39375 0.0859375
0 0.753125 0.6671875 0.128125 0.1265625
0 0.865625 0.68515625 0.13125 0.15625
0 0.8484375 0.57265625 0.259375 0.153125
0 0.9515625 0.7109375 0.053125 0.1359375
0 0.93046875 0.41796875 0.0953125 0.128125
0 0.23203125 0.46484375 0.2296875 0.1875