9 0.5068359375 0.30859375 0.4951171875 0.3125 0.490234375 0.3076171875 0.5146484375 0.302734375 0.5771484375 0.314453125 0.5810546875 0.3203125 0.587890625 0.3173828125 0.5791015625 0.30859375 0.5576171875 0.306640625 0.4658203125 0.2734375 0.3349609375 0.208984375 0.2802734375 0.1953125 0.2734375 0.2001953125 0.2734375 0.2412109375 0.2822265625 0.255859375 0.3212890625 0.26171875 0.4541015625 0.318359375 0.50390625 0.3251953125 0.4951171875 0.326171875 0.4951171875 0.33203125 0.533203125 0.3369140625 0.54296875 0.3330078125 0.5087890625 0.326171875 0.513671875 0.3154296875 0.5068359375 0.30859375
9 0.8154296875 0.3984375 0.8818359375 0.390625 0.9990234375 0.34375 1 0.2802734375 0.9912109375 0.279296875 0.9521484375 0.30078125 0.9150390625 0.3125 0.8955078125 0.326171875 0.7548828125 0.3671875 0.7119140625 0.37109375 0.5986328125 0.3984375 0.4931640625 0.40234375 0.2900390625 0.4296875 0.283203125 0.4365234375 0.28515625 0.4638671875 0.291015625 0.4794921875 0.3046875 0.4873046875 0.4189453125 0.462890625 0.6806640625 0.435546875 0.7919921875 0.412109375 0.8154296875 0.3984375
9 1 0.6005859375 0.9912109375 0.595703125 0.9716796875 0.59765625 0.9150390625 0.607421875 0.9072265625 0.615234375 0.9033203125 0.611328125 0.7626953125 0.6171875 0.767578125 0.6240234375 0.7607421875 0.626953125 0.7294921875 0.626953125 0.7255859375 0.6171875 0.6728515625 0.6171875 0.6240234375 0.609375 0.4345703125 0.609375 0.3154296875 0.630859375 0.3046875 0.6376953125 0.302734375 0.6513671875 0.3076171875 0.658203125 0.326171875 0.6611328125 0.3046875 0.6630859375 0.306640625 0.6884765625 0.3134765625 0.6953125 0.3369140625 0.6953125 0.4423828125 0.671875 0.447265625 0.6630859375 0.4375 0.6591796875 0.4453125 0.6552734375 0.4375 0.6455078125 0.4404296875 0.640625 0.5224609375 0.638671875 0.5146484375 0.6328125 0.4619140625 0.63671875 0.455078125 0.6318359375 0.4619140625 0.626953125 0.5126953125 0.62890625 0.5244140625 0.615234375 0.5283203125 0.62109375 0.5576171875 0.615234375 0.5673828125 0.625 0.5732421875 0.6171875 0.5751953125 0.62890625 0.5869140625 0.615234375 0.5966796875 0.625 0.6259765625 0.625 0.62890625 0.6318359375 0.6220703125 0.638671875 0.6494140625 0.640625 0.650390625 0.6533203125 0.66796875 0.6591796875 0.6650390625 0.666015625 0.6220703125 0.6640625 0.6044921875 0.669921875 0.5732421875 0.669921875 0.5615234375 0.6640625 0.5625 0.6689453125 0.5556640625 0.669921875 0.5537109375 0.6640625 0.5439453125 0.6640625 0.5478515625 0.669921875 0.5224609375 0.671875 0.3837890625 0.73828125 0.3056640625 0.79296875 0.275390625 0.8212890625 0.26953125 0.8349609375 0.2734375 0.8701171875 0.283203125 0.8896484375 0.296875 0.8974609375 0.4248046875 0.796875 0.5478515625 0.73828125 0.6064453125 0.72265625 0.7060546875 0.70703125 0.8623046875 0.701171875 0.875 0.6962890625 0.8544921875 0.6953125 0.8515625 0.6884765625 0.8662109375 0.69140625 0.8681640625 0.681640625 0.9912109375 0.66796875 1 0.6630859375 1 0.6005859375
9 0.98828125 0.2763671875 0.7236328125 0.24609375 0.5263671875 0.248046875 0.4189453125 0.2265625 0.390625 0.2294921875 0.4580078125 0.267578125 0.5966796875 0.3125 0.6845703125 0.32421875 0.857421875 0.3232421875 0.8662109375 0.314453125 0.9033203125 0.3125 0.9462890625 0.30078125 0.98828125 0.2763671875
9 0.3798828125 0.33984375 0.2958984375 0.310546875 0.2880859375 0.310546875 0.279296875 0.3251953125 0.279296875 0.3525390625 0.2939453125 0.365234375 0.3291015625 0.376953125 0.4951171875 0.3984375 0.544921875 0.3974609375 0.6142578125 0.392578125 0.640625 0.3818359375 0.5869140625 0.3671875 0.3798828125 0.33984375
9 0.3056640625 0.384765625 0.2900390625 0.3671875 0.291015625 0.4091796875 0.3017578125 0.421875 0.3203125 0.4208984375 0.48828125 0.3994140625 0.3564453125 0.3828125 0.3193359375 0.373046875 0.3056640625 0.384765625
9 0.8212890625 0.435546875 0.8056640625 0.4375 0.7783203125 0.42578125 0.7353515625 0.42578125 0.701171875 0.4365234375 1 0.5322265625 0.9990234375 0.478515625 0.9521484375 0.47265625 0.9072265625 0.453125 0.8212890625 0.435546875
9 1 0.5380859375 0.9794921875 0.529296875 0.9189453125 0.51953125 0.7255859375 0.50390625 0.6552734375 0.4921875 0.5009765625 0.486328125 0.4306640625 0.486328125 0.3681640625 0.49609375 0.3388671875 0.50390625 0.330078125 0.5166015625 0.3349609375 0.53125 0.3681640625 0.54296875 0.6083984375 0.556640625 0.9013671875 0.587890625 0.9765625 0.5908203125 1 0.5869140625 1 0.5380859375
9 0.3994140625 0.544921875 0.3310546875 0.54296875 0.318359375 0.5615234375 0.326171875 0.6025390625 0.3623046875 0.61328125 0.5146484375 0.603515625 0.765625 0.6123046875 0.806640625 0.6103515625 0.7607421875 0.595703125 0.6650390625 0.578125 0.3994140625 0.544921875
9 1 0.7451171875 0.9716796875 0.734375 0.8076171875 0.72265625 0.7392578125 0.7109375 0.6923828125 0.7109375 0.6064453125 0.724609375 0.572265625 0.7373046875 0.6904296875 0.767578125 0.7724609375 0.78125 0.9326171875 0.798828125 1 0.7998046875 1 0.7451171875
9 0.5166015625 0.76171875 0.4814453125 0.76953125 0.40625 0.8154296875 0.4228515625 0.822265625 0.5693359375 0.83984375 0.7548828125 0.876953125 0.998046875 0.9013671875 1 0.8232421875 0.9912109375 0.8203125 0.7841796875 0.8046875 0.5166015625 0.76171875