16 0.384375 0.75078125 0.4171875 0.75703125 0.5625 0.74609375 0.5984375 0.74140625 0.6109375 0.73203125 0.6203125 0.73828125 0.6421875 0.72890625 0.65625 0.71328125 0.6578125 0.69453125 0.6640625 0.68984375 0.6671875 0.61171875 0.6890625 0.54140625 0.6875 0.50078125 0.671875 0.44921875 0.6578125 0.42734375 0.6140625 0.39140625 0.578125 0.37578125 0.5609375 0.37734375 0.521875 0.40546875 0.5078125 0.43203125 0.471875 0.44140625 0.459375 0.38046875 0.4453125 0.38515625 0.4359375 0.37265625 0.4078125 0.36796875 0.3734375 0.37109375 0.353125 0.37734375 0.353125 0.38203125 0.3109375 0.39140625 0.296875 0.40234375 0.265625 0.43828125 0.259375 0.48046875 0.2640625 0.58046875 0.2546875 0.60234375 0.3296875 0.71953125 0.384375 0.75078125
16 0.603665865625 1 0.6078125 0.94609375 0.625 0.92578125 0.63125 0.89765625 0.6453125 0.87734375 0.6625 0.86640625 0.703125 0.86796875 0.7078125 0.87265625 0.7125 0.83984375 0.6890625 0.80703125 0.65625 0.77578125 0.609375 0.75390625 0.5609375 0.75078125 0.44375 0.75859375 0.415625 0.76796875 0.371875 0.81171875 0.340625 0.85546875 0.31875 0.91328125 0.3171875 0.96171875 0.3277478453125 1 0.603665865625 1
16 1 0.5017578125 0.9609375 0.50078125 0.9515625 0.51171875 0.9390625 0.51171875 0.9359375 0.52109375 0.9125 0.52421875 0.8703125 0.51640625 0.8078125 0.48984375 0.746875 0.49921875 0.7171875 0.51796875 0.6921875 0.54609375 0.675 0.59140625 0.6671875 0.63984375 0.6703125 0.68203125 0.7 0.75546875 0.7484375 0.80703125 0.771875 0.82265625 0.8390625 0.84609375 0.85625 0.84296875 0.865625 0.79140625 0.8890625 0.74765625 0.884375 0.73203125 0.965625 0.64765625 0.9796875 0.65390625 1 0.6441915765624999 1 0.5017578125
16 1 1 1 0.6985222140625 0.940625 0.71640625 0.896875 0.74609375 0.88125 0.76796875 0.8640625 0.81015625 0.8625 0.85078125 0.86875 0.88671875 0.884375 0.92890625 0.8984375 0.94921875 0.90625 0.95390625 0.921875 0.93984375 0.946875 0.94765625 0.971875 0.99765625 0.9737723218750001 1 1 1
16 1 0.1081948140625 0.9296875 0.16953125 0.8984375 0.23359375 0.896875 0.25390625 0.9015625 0.25703125 0.94375 0.23359375 0.9890625 0.22109375 1 0.211371528125 1 0.1081948140625
16 0.6890625 0.49140625 0.6953125 0.53515625 0.7015625 0.53515625 0.7015625 0.52890625 0.740625 0.49296875 0.734375 0.48984375 0.7359375 0.47734375 0.7515625 0.47109375 0.7875 0.47109375 0.821875 0.45859375 0.8265625 0.42265625 0.89375 0.43046875 0.8984375 0.44921875 0.9046875 0.42890625 0.9296875 0.41953125 0.9359375 0.41015625 0.928125 0.40078125 0.9140625 0.40234375 0.9046875 0.39609375 0.8890625 0.37265625 0.8625 0.35546875 0.8390625 0.35078125 0.8203125 0.36953125 0.7890625 0.36328125 0.78125 0.35546875 0.784375 0.33828125 0.7671875 0.29921875 0.7671875 0.28984375 0.78125 0.28359375 0.78125 0.27421875 0.7375 0.26328125 0.6921875 0.27265625 0.6546875 0.28984375 0.6203125 0.31484375 0.6109375 0.33671875 0.61875 0.35859375 0.59375 0.37109375 0.59375 0.37734375 0.640625 0.40390625 0.66875 0.43515625 0.6890625 0.49140625
16 0.7046875 0.24921875 0.7171875 0.25078125 0.728125 0.26484375 0.784375 0.26640625 0.7765625 0.25234375 0.725 0.21796875 0.6359375 0.18671875 0.63125 0.18828125 0.6375 0.21015625 0.678125 0.26953125 0.7046875 0.24921875
16 0.5453125 0.36328125 0.6015625 0.34296875 0.6109375 0.32109375 0.6640625 0.28046875 0.65625 0.27578125 0.621875 0.19140625 0.6109375 0.18515625 0.5921875 0.18671875 0.5453125 0.20390625 0.5015625 0.23359375 0.4734375 0.26953125 0.4578125 0.31640625 0.45625 0.33515625 0.4734375 0.33515625 0.5015625 0.36328125 0.5453125 0.36328125
16 0.3375 0.37734375 0.3953125 0.36171875 0.3578125 0.31953125 0.2984375 0.28515625 0.2625 0.27734375 0.2125 0.28046875 0.209375 0.28515625 0.24375 0.31171875 0.290625 0.37421875 0.3375 0.37734375
16 0 0.5828464671875 0.0328125 0.59140625 0.0890625 0.56953125 0.09375 0.55546875 0.121875 0.54453125 0.13125 0.56953125 0.196875 0.58359375 0.23125 0.59921875 0.246875 0.58984375 0.25625 0.56484375 0.2546875 0.45234375 0.2953125 0.40078125 0.271875 0.34609375 0.21875 0.28671875 0.1578125 0.26171875 0.0890625 0.26328125 0.084375 0.25703125 0.0890625 0.22890625 0.084375 0.21328125 0.0765625 0.21796875 0.0765625 0.26171875 0.065625 0.32109375 0.06875 0.35078125 0 0.40883680624999996 0 0.5828464671875
16 0 0.315815034375 0.0484375 0.28046875 0.059375 0.24921875 0.084375 0.26328125 0.1140625 0.25859375 0.11875 0.25078125 0.0875 0.18828125 0.0546875 0.15546875 0.0359375 0.14921875 0.0125 0.13046875 0 0.1280751328125 0 0.315815034375
16 0 0.8635670734374999 0.0921875 0.91640625 0.1515625 0.95859375 0.1734375 0.95390625 0.24375 0.89140625 0.259375 0.90859375 0.26875 0.90859375 0.309375 0.85703125 0.3234375 0.81953125 0.33125 0.75390625 0.31875 0.71015625 0.3 0.68671875 0.2890625 0.69140625 0.271875 0.68359375 0.2671875 0.65078125 0.2375 0.61015625 0.184375 0.58203125 0.1390625 0.57109375 0.121875 0.57265625 0.1015625 0.62421875 0.0734375 0.66953125 0.0359375 0.69609375 0 0.6913472875 0 0.8635670734374999
16 0.09375 0.57265625 0.065625 0.57734375 0.03125 0.59296875 0.0390625 0.61171875 0.0578125 0.61640625 0.0921875 0.58203125 0.09375 0.57265625