16 0.9222916671875 1 0.95 0.940625 0.978125 0.8421875 0.98125 0.7890625 0.975 0.665625 0.953125 0.58125 0.93125 0.54375 0.9140625 0.4953125 0.9046875 0.4859375 0.9046875 0.475 0.8921875 0.465625 0.853125 0.4078125 0.76875 0.3265625 0.721875 0.2921875 0.653125 0.2609375 0.5578125 0.2359375 0.45234375 0.2296875 0.45 0.2203125 0.44375 0.2296875 0.43515625 0.2296875 0.4421875 0.2109375 0.41875 0.215625 0.3953125 0.2546875 0.384375 0.2625 0.38125 0.2765625 0.3625 0.3 0.3578125 0.315625 0.315625 0.3734375 0.30625 0.384375 0.2875 0.39375 0.2609375 0.4234375 0.2578125 0.4953125 0.2671875 0.565625 0.253125 0.5640625 0.2484375 0.5203125 0.2359375 0.4890625 0.2171875 0.4640625 0.1578125 0.478125 0.1328125 0.496875 0.0609375 0.5234375 0 0.5333729625 0 1 0.9222916671875 1
16 0.0671875 0.3203125 0.040625 0.3234375 0.0265625 0.31875 0 0.33125 0.0015625 0.3625 0.04375 0.3625 0.053125 0.375 0.1 0.3484375 0.0921875 0.3296875 0.0671875 0.3203125
16 0.10625 0.353125 0.0703125 0.365625 0.0734375 0.3796875 0.0953125 0.3828125 0.1046875 0.39375 0.1203125 0.3921875 0.1203125 0.3734375 0.10625 0.353125
16 0 0.5 0.040625 0.5 0.0734375 0.478125 0.08125 0.4671875 0.1 0.4609375 0.1 0.4515625 0.06875 0.43125 0.015625 0.4296875 0 0.46803977343750003 0 0.5
16 0.2921875 0.340625 0.2953125 0.33125 0.309375 0.3234375 0.3046875 0.3140625 0.3140625 0.3015625 0.3390625 0.2875 0.3546875 0.2546875 0.3421875 0.246875 0.2625 0.2765625 0.25 0.2859375 0.2484375 0.3234375 0.2546875 0.33125 0.253125 0.3421875 0.26875 0.346875 0.28125 0.3328125 0.2921875 0.340625
16 1 0.100764628125 0.99375 0.0953125 0.98125 0.090625 0.9421875 0.09375 0.8921875 0.15 0.846875 0.1578125 0.8265625 0.16875 0.815625 0.178125 0.828125 0.16875 0.8234375 0.184375 0.8546875 0.2 0.884375 0.2265625 0.94375 0.303125 0.95 0.3296875 0.9578125 0.340625 0.9566611843749999 0.3596217109375 0.9640625 0.3640625 0.9828125 0.359375 1 0.33875 1 0.100764628125
16 0.61875 0.15 0.6421875 0.165625 0.678125 0.134375 0.6390625 0.115625 0.6078125 0.1140625 0.61875 0.15
16 0.45218749999999996 0.228125 0.471875 0.2296875 0.4734375 0.21875 0.4859375 0.221875 0.4803125 0.2296875 0.48875 0.2296875 0.4890625 0.2234375 0.4971875 0.2296875 0.49765625 0.2234375 0.505625 0.2296875 0.5078125 0.225 0.5140625 0.2296875 0.5234375 0.228125 0.505 0.1921875 0.5453125 0.1984375 0.5546875 0.20625 0.5703125 0.1984375 0.5734375 0.1625 0.565625 0.115625 0.55625 0.103125 0.5140625 0.1015625 0.48125 0.1234375 0.465625 0.1484375 0.45 0.1546875 0.4296875 0.1828125 0.4484375 0.1921875 0.44375 0.20625 0.4384765625 0.2021484375 0.4125 0.228125 0.44312500000000005 0.228125 0.45 0.2140625 0.4625 0.2171875 0.45218749999999996 0.228125
16 0.25625 0.259375 0.271875 0.2671875 0.303125 0.2625 0.3125 0.2515625 0.3578125 0.2359375 0.3609375 0.225 0.3828125 0.2015625 0.43125 0.1265625 0.4484375 0.1171875 0.4515625 0.109375 0.365625 0.121875 0.278125 0.1640625 0.2609375 0.184375 0.2625 0.19375 0.271875 0.203125 0.2640625 0.2109375 0.265625 0.2203125 0.2546875 0.2296875 0.25625 0.259375
16 0.9171875 0.4984375 0.934375 0.4953125 0.9296875 0.4859375 0.9546875 0.3921875 0.9546875 0.365625 0.9640625 0.3578125 0.9625 0.3484375 0.9515625 0.3296875 0.946875 0.30625 0.934375 0.2875 0.865625 0.2109375 0.83125 0.1875 0.803125 0.1828125 0.775 0.196875 0.7515625 0.221875 0.7390625 0.228125 0.7140625 0.2578125 0.6953125 0.26875 0.6953125 0.2796875 0.7671875 0.3265625 0.828125 0.384375 0.8484375 0.4125 0.8765625 0.4390625 0.9171875 0.4984375
16 0.8046130953124999 0 0.81875 0.015625 0.8546875 0.0453125 0.86875 0.0359375 0.8931875 0 0.8046130953124999 0
16 0.55546875 0 0.5453125 0.0046875 0.546875 0.0203125 0.5390625 0.0109375 0.5296875 0.0140625 0.528125 0.0234375 0.4828125 0.040625 0.4328125 0.0828125 0.434375 0.090625 0.428125 0.1 0.4390625 0.1015625 0.4453125 0.1 0.45 0.0890625 0.496875 0.0859375 0.5140625 0.0796875 0.51875 0.0796875 0.5296875 0.0953125 0.5546875 0.09375 0.5421875 0.040625 0.54375 0.021875 0.55625 0.01875 0.6046875 0.1046875 0.6890625 0.13125 0.71875 0.1328125 0.7546875 0.1046875 0.78125 0.0921875 0.8203125 0.0828125 0.8265625 0.071875 0.770659721875 0 0.55546875 0
16 0 0.2508152171875 0.009375 0.2453125 0.075 0.2328125 0.1015625 0.240625 0.125 0.271875 0.1421875 0.2859375 0.175 0.2453125 0.2015625 0.221875 0.21875 0.159375 0.2421875 0.121875 0.2546875 0.1125 0.2640625 0.1203125 0.2609375 0.153125 0.275 0.1578125 0.3640625 0.1171875 0.3140625 0.0984375 0.271875 0.0984375 0.2640625 0.1171875 0.2578125 0.1125 0.2609375 0.0984375 0.196875 0.0984375 0.1265625 0.115625 0.1046875 0.1359375 0.04375 0.15 0.01875 0.165625 0 0.16418269218749998 0 0.2508152171875