16 0.346875 0.54609375 0.3671875 0.60078125 0.36875 0.65078125 0.375 0.65703125 0.4328125 0.68828125 0.4796875 0.69765625 0.51875 0.69765625 0.5984375 0.67578125 0.659375 0.62734375 0.69375 0.56953125 0.7 0.51484375 0.6828125 0.45390625 0.6453125 0.40703125 0.5921875 0.37109375 0.5703125 0.36328125 0.5328125 0.38515625 0.4734375 0.39140625 0.446484375 0.39140625 0.4109375 0.36484375 0.3515625 0.37578125 0.2984375 0.46484375 0.2859375 0.47421875 0.3125 0.49609375 0.346875 0.54609375
16 0 0.7292459234375 0.0140625 0.74453125 0.0578125 0.77890625 0.11875 0.80390625 0.2078125 0.80546875 0.28125 0.77890625 0.33125 0.73203125 0.353125 0.69140625 0.365625 0.65078125 0.365625 0.60390625 0.353125 0.56171875 0.3078125 0.50078125 0.246875 0.45546875 0.175 0.41796875 0.121875 0.40078125 0.0546875 0.40703125 0.0125 0.43046875 0 0.44505208281249997 0 0.7292459234375
16 0.665625 0.26015625 0.6578125 0.26328125 0.6640625 0.27421875 0.66875 0.26640625 0.675 0.27109375 0.66875 0.28046875 0.6796875 0.30703125 0.665625 0.31484375 0.665625 0.32109375 0.6796875 0.33359375 0.690625 0.33515625 0.6890625 0.33984375 0.696875 0.33828125 0.703125 0.35859375 0.7109375 0.36171875 0.703125 0.36796875 0.70625 0.37890625 0.6953125 0.39296875 0.6546875 0.41328125 0.6828125 0.45078125 0.6984375 0.49296875 0.7015625 0.53828125 0.6859375 0.59453125 0.71875 0.60703125 0.7796875 0.61328125 0.8375 0.60234375 0.8875 0.57734375 0.93125 0.53203125 0.9484375 0.49765625 0.9578125 0.45703125 0.9515625 0.38984375 0.9421875 0.36171875 0.9203125 0.32265625 0.8796875 0.28359375 0.834375 0.26640625 0.784375 0.26796875 0.73125 0.28828125 0.7203125 0.26015625 0.7171875 0.22265625 0.7125 0.24921875 0.65625 0.25390625 0.653125 0.24921875 0.6546875 0.25546875 0.659375 0.25390625 0.6578125 0.25859375 0.665625 0.26015625
16 0.6609375 0.34609375 0.6484375 0.33359375 0.6390625 0.34140625 0.6375 0.34921875 0.6546875 0.35234375 0.6609375 0.34609375
16 0.6578125 0.39609375 0.665625 0.38359375 0.6546875 0.37421875 0.6328125 0.36796875 0.61875 0.37265625 0.615625 0.38515625 0.640625 0.40234375 0.665625 0.40078125 0.6578125 0.39609375
16 0.6171875 0.36328125 0.603125 0.35859375 0.596875 0.37421875 0.5890625 0.36953125 0.59453125 0.35859375 0.5859375 0.35859375 0.5859375 0.36796875 0.57734375 0.35859375 0.56875 0.35859375 0.6078125 0.38203125 0.6125 0.38203125 0.6203125 0.36953125 0.6171875 0.36328125
16 0.58125 0.33515625 0.565625 0.33515625 0.56875 0.34453125 0.6125 0.34453125 0.603125 0.32421875 0.58125 0.33515625
16 0.46875 0.25859375 0.453125 0.23984375 0.440625 0.23671875 0.4453125 0.25703125 0.459375 0.27734375 0.465625 0.27890625 0.46875 0.25859375
16 0.3984375 0.29765625 0.396875 0.25078125 0.340625 0.27578125 0.3375 0.28203125 0.35 0.28984375 0.3796875 0.29921875 0.3984375 0.29765625
16 0.309375 0.33828125 0.3203125 0.33359375 0.325 0.33359375 0.3234375 0.34921875 0.3265625 0.33203125 0.33125 0.33359375 0.334375 0.34765625 0.3359375 0.34296875 0.3421875 0.34453125 0.340625 0.33515625 0.3546875 0.33984375 0.3796875 0.32578125 0.325 0.28828125 0.30625 0.30234375 0.290625 0.32421875 0.2859375 0.33671875 0.290625 0.33515625 0.3109375 0.34921875 0.309375 0.33828125
16 0.29375 0.38671875 0.2953125 0.39296875 0.2890625 0.38828125 0.278125 0.39140625 0.3109375 0.39609375 0.3234375 0.41640625 0.3390625 0.42421875 0.36875 0.39609375 0.375 0.40390625 0.384375 0.38828125 0.396875 0.38046875 0.409375 0.38046875 0.4125 0.36171875 0.303125 0.38359375 0.2984375 0.38671875 0.30625 0.39296875 0.2984375 0.39296875 0.29375 0.38671875
16 0.4671875 0.29921875 0.4859375 0.32265625 0.5359375 0.31640625 0.5859375 0.30078125 0.565625 0.27890625 0.5328125 0.25546875 0.471875 0.23671875 0.4609375 0.23671875 0.4796875 0.26484375 0.4671875 0.28828125 0.4671875 0.29921875
16 0.2265625 0.40078125 0.2171875 0.41171875 0.2171875 0.43359375 0.2296875 0.44140625 0.2421875 0.41328125 0.2265625 0.40078125
16 0.2765625 0.46328125 0.278125 0.47109375 0.2921875 0.48359375 0.3171875 0.48515625 0.3375 0.46171875 0.3421875 0.43984375 0.334375 0.42890625 0.3359375 0.41796875 0.3125 0.38515625 0.2703125 0.39140625 0.2640625 0.42265625 0.2625 0.45078125 0.26875 0.45703125 0.2640625 0.45703125 0.2765625 0.46328125
16 0 0.44427083281249996 0.0296875 0.41953125 0.0765625 0.40078125 0.1296875 0.39921875 0.1515625 0.38671875 0.1546875 0.37578125 0.159375 0.38203125 0.1984375 0.37890625 0.2109375 0.37265625 0.2234375 0.35703125 0.1828125 0.34921875 0.1671875 0.33515625 0.159375 0.33671875 0.1515625 0.30703125 0.1203125 0.28828125 0.0765625 0.27734375 0.04375 0.28046875 0.0078125 0.29609375 0 0.3029296875 0 0.44427083281249996