16 0.4625 0.47890625 0.4640625 0.48984375 0.4890625 0.49453125 0.4890625 0.48828125 0.475 0.47421875 0.465625 0.47265625 0.4625 0.47890625
16 0.5325520828125 0.480425346875 0.515625 0.47421875 0.496875 0.46953125 0.509375 0.47421875 0.503125 0.48046875 0.5203125 0.47734375 0.5140625 0.49140625 0.5171875 0.49609375 0.521875 0.49765625 0.5234375 0.47890625 0.5325520828125 0.480425346875
16 0.5328079171875 0.48051915312500004 0.53125 0.49765625 0.5625 0.49140625 0.5328079171875 0.48051915312500004
16 0.5390625 0.45859375 0.553125 0.46171875 0.559375 0.45078125 0.5640625 0.45703125 0.5609375 0.46171875 0.56875 0.46328125 0.5734375 0.45078125 0.634375 0.46484375 0.6546875 0.47578125 0.6546875 0.46328125 0.6453125 0.44765625 0.6078125 0.41796875 0.59375 0.39921875 0.596875 0.39609375 0.615625 0.41015625 0.659375 0.43046875 0.646875 0.42421875 0.659375 0.4203125 0.646875 0.36171875 0.6546875 0.36171875 0.6875 0.40234375 0.7109375 0.35859375 0.7171875 0.33046875 0.7171875 0.29453125 0.7078125 0.24140625 0.690625 0.19921875 0.6640625 0.16328125 0.6359375 0.13984375 0.6046875 0.12421875 0.5734375 0.11640625 0.5375 0.11484375 0.5390625 0.18671875 0.553125 0.18671875 0.578125 0.17734375 0.5828125 0.17265625 0.5828125 0.14609375 0.5875 0.13984375 0.596875 0.15546875 0.5984375 0.17890625 0.571875 0.22109375 0.5140625 0.26796875 0.49375 0.26328125 0.4765625 0.24296875 0.4484375 0.22578125 0.4234375 0.23046875 0.4125 0.25234375 0.41875 0.29296875 0.4421875 0.37734375 0.4671875 0.41953125 0.49375 0.44140625 0.5390625 0.45859375
16 0.2328125 0.76640625 0.275 0.76640625 0.309375 0.76015625 0.3484375 0.72421875 0.375 0.71171875 0.4125 0.67421875 0.4296875 0.64140625 0.434375 0.61796875 0.434375 0.56171875 0.4265625 0.51640625 0.4171875 0.49921875 0.3953125 0.50234375 0.4078125 0.48671875 0.3921875 0.46953125 0.375 0.47265625 0.35390625 0.49375 0.3609375 0.51015625 0.3421875 0.51171875 0.346875 0.50078125 0.3390625 0.51015625 0.3625 0.52890625 0.34375 0.56328125 0.3140625 0.57734375 0.2859375 0.58046875 0.2546875 0.55390625 0.215625 0.53359375 0.1921875 0.50078125 0.19375 0.49453125 0.2203125 0.51484375 0.2375 0.51171875 0.221875 0.43984375 0.20625 0.44296875 0.1859375 0.45546875 0.1171875 0.51484375 0.096875 0.55546875 0.090625 0.58671875 0.0921875 0.64609375 0.1 0.67109375 0.125 0.71171875 0.1421875 0.72890625 0.18125 0.75234375 0.2328125 0.76640625
16 0.425 0.40546875 0.4015625 0.44453125 0.396875 0.46015625 0.4109375 0.47578125 0.4328125 0.48359375 0.4390625 0.47265625 0.440625 0.44453125 0.425 0.40546875
16 0.446875 0.14609375 0.4796875 0.18515625 0.4984375 0.17421875 0.5 0.16171875 0.5203125 0.13984375 0.5234375 0.12265625 0.515625 0.12265625 0.5125 0.11796875 0.5171875 0.11484375 0.509375 0.11015625 0.4625 0.11171875 0.4109375 0.13203125 0.371875 0.16015625 0.3609375 0.17578125 0.3875 0.19921875 0.4359375 0.19921875 0.4453125 0.18828125 0.4421875 0.15078125 0.446875 0.14609375
16 0.403125 0.38828125 0.403125 0.35390625 0.375 0.24296875 0.334375 0.20078125 0.3125 0.22890625 0.2984375 0.27109375 0.296875 0.31640625 0.315625 0.37421875 0.3453125 0.41953125 0.371875 0.44140625 0.3875 0.42265625 0.403125 0.38828125
16 0.6921875 0.75234375 0.7328125 0.76015625 0.790625 0.75546875 0.834375 0.73828125 0.859375 0.72109375 0.903125 0.67578125 0.9109375 0.67421875 0.9390625 0.61171875 0.9484375 0.56796875 0.9390625 0.50234375 0.9234375 0.46953125 0.896875 0.43515625 0.8453125 0.40078125 0.7796875 0.38828125 0.73125 0.39140625 0.6890625 0.40859375 0.684375 0.42109375 0.6921875 0.47109375 0.6859375 0.50078125 0.678125 0.50859375 0.675 0.52265625 0.6578125 0.53984375 0.6484375 0.54140625 0.6359375 0.55234375 0.596875 0.54765625 0.5875 0.55390625 0.5859375 0.61953125 0.5984375 0.67109375 0.625 0.69921875 0.628125 0.70859375 0.6671875 0.73984375 0.6921875 0.75234375
16 0.6609375 0.45703125 0.6578125 0.45703125 0.646875 0.44921875 0.65 0.45390625 0.6375 0.46484375 0.6421875 0.47265625 0.659375 0.47421875 0.6609375 0.45703125
16 0.640625 0.51796875 0.628125 0.50703125 0.6046875 0.50546875 0.6 0.51171875 0.59375 0.52734375 0.59375 0.53359375 0.6 0.53515625 0.609375 0.52734375 0.6359375 0.52578125 0.640625 0.51796875
16 0.503125 0.58984375 0.5125 0.58828125 0.521875 0.61015625 0.515625 0.63046875 0.4609375 0.68203125 0.415625 0.67265625 0.3734375 0.71796875 0.35 0.72578125 0.34375 0.73671875 0.3328125 0.73828125 0.30625 0.77109375 0.3375 0.82578125 0.3828125 0.86484375 0.4390625 0.89296875 0.4953125 0.89765625 0.521875 0.89296875 0.571875 0.86328125 0.6046875 0.83046875 0.61875 0.80390625 0.6203125 0.78984375 0.6046875 0.78359375 0.596875 0.76640625 0.5828125 0.75859375 0.571875 0.74296875 0.553125 0.77109375 0.5484375 0.79140625 0.54375 0.79609375 0.5359375 0.79140625 0.5609375 0.72890625 0.571875 0.68515625 0.5640625 0.61953125 0.5484375 0.58515625 0.5359375 0.57890625 0.5328125 0.56796875 0.484375 0.55703125 0.4640625 0.55859375 0.465625 0.61015625 0.4796875 0.61328125 0.4828125 0.60859375 0.496875 0.60859375 0.5046875 0.59765625 0.503125 0.58984375
16 0.3453125 0.43671875 0.309375 0.42734375 0.30625 0.43515625 0.3171875 0.48515625 0.3328125 0.48203125 0.365625 0.45390625 0.3640625 0.44765625 0.3453125 0.43671875
16 0.290625 0.42890625 0.2734375 0.42578125 0.2453125 0.43203125 0.2421875 0.43984375 0.25 0.46015625 0.26875 0.48515625 0.2796875 0.49140625 0.2921875 0.45234375 0.290625 0.42890625