16 0 0.552193509375 0.00234375 0.55390625 0.09609375 0.59296875 0.15234375 0.59609375 0.19453125 0.58828125 0.28046875 0.54453125 0.33046875 0.48984375 0.36015625 0.41171875 0.36484375 0.33515625 0.35078125 0.27421875 0.33046875 0.23515625 0.31640625 0.22421875 0.21796875 0.26953125 0.16640625 0.20859375 0.17890625 0.17578125 0.19453125 0.15703125 0.14765625 0.13984375 0.09453125 0.13671875 0.05859375 0.14140625 0.01484375 0.15703125 0 0.16630859375 0 0.552193509375
16 0.27578125 0.18828125 0.22265625 0.16953125 0.21484375 0.17265625 0.20703125 0.19609375 0.21015625 0.20234375 0.25546875 0.19765625 0.27578125 0.18828125
16 0.3802827375 0 0.37109375 0.01484375 0.37421875 0.18046875 0.40390625 0.26640625 0.44140625 0.28515625 0.48359375 0.29609375 0.56484375 0.29453125 0.59921875 0.28359375 0.62421875 0.26796875 0.67265625 0.21953125 0.70703125 0.14609375 0.71015625 0.08671875 0.68671875 0.03203125 0.6622242640625 0 0.61515625 0 0.61171875 0.00234375 0.56796875 0.01484375 0.54765625 0.02890625 0.50703125 0.00390625 0.49363839218749994 0 0.3802827375 0
16 0.44609375 0.49140625 0.43046875 0.50234375 0.41796875 0.53671875 0.41796875 0.54453125 0.51640625 0.54296875 0.46640625 0.50078125 0.44609375 0.49140625
16 0.53359375 0.50546875 0.53515625 0.46171875 0.55546875 0.39609375 0.50859375 0.39921875 0.45546875 0.42109375 0.45546875 0.43515625 0.46640625 0.45390625 0.50703125 0.49609375 0.53359375 0.50546875
16 0.37734375 0.77109375 0.39453125 0.78203125 0.39609375 0.80234375 0.42265625 0.82734375 0.44921875 0.83828125 0.45390625 0.83046875 0.44453125 0.80703125 0.43671875 0.79140625 0.42578125 0.78515625 0.42265625 0.77265625 0.41015625 0.76328125 0.40234375 0.72265625 0.36953125 0.64765625 0.35703125 0.64140625 0.33984375 0.65078125 0.33984375 0.68046875 0.35546875 0.73359375 0.37109375 0.74765625 0.37734375 0.77109375
16 0.67578125 0.80078125 0.66015625 0.81640625 0.57578125 0.84609375 0.57734375 0.85078125 0.60078125 0.86171875 0.61484375 0.86015625 0.62421875 0.87265625 0.61796875 0.88359375 0.62421875 0.88671875 0.70546875 0.85703125 0.75234375 0.82109375 0.78515625 0.77734375 0.81171875 0.72109375 0.81953125 0.67109375 0.81484375 0.61640625 0.77890625 0.69296875 0.74296875 0.74609375 0.70546875 0.78671875 0.67578125 0.80078125
16 0.53046875 0.80078125 0.54609375 0.80859375 0.56953125 0.80390625 0.58515625 0.78359375 0.59453125 0.66640625 0.56484375 0.61640625 0.54453125 0.61640625 0.49453125 0.64296875 0.48515625 0.62421875 0.51640625 0.58984375 0.50703125 0.58046875 0.41328125 0.55546875 0.40546875 0.58203125 0.40390625 0.62109375 0.43359375 0.69453125 0.49453125 0.74921875 0.53046875 0.80078125
16 0.62578125 0.49921875 0.65859375 0.53828125 0.66015625 0.57109375 0.65234375 0.58359375 0.64296875 0.58515625 0.62265625 0.60546875 0.61484375 0.63046875 0.61484375 0.65078125 0.62265625 0.66484375 0.60859375 0.68203125 0.60859375 0.76953125 0.63515625 0.77265625 0.68515625 0.73671875 0.72265625 0.68828125 0.75390625 0.63046875 0.78984375 0.53828125 0.74296875 0.47734375 0.63828125 0.40390625 0.57421875 0.39609375 0.56015625 0.42421875 0.55859375 0.46171875 0.57734375 0.50546875 0.59609375 0.51640625 0.62578125 0.49921875
16 0 1 0.34921875 1 0.36015625 0.98671875 0.37734375 0.94765625 0.39296875 0.87890625 0.38984375 0.81484375 0.37265625 0.78046875 0.37578125 0.76328125 0.32421875 0.69765625 0.29296875 0.67734375 0.27109375 0.68828125 0.25546875 0.70859375 0.14140625 0.63671875 0.06015625 0.64296875 0.03203125 0.65078125 0 0.673203125 0 1
16 0.22890625 0.67578125 0.25703125 0.65703125 0.18359375 0.64453125 0.18359375 0.66640625 0.19609375 0.66171875 0.20390625 0.68359375 0.22890625 0.67578125