15 0.753125 0.6890625 0.4 0.315625
15 0.9109375 0.465625 0.178125 0.1875
15 0.69375 0.4546875 0.24375 0.1510468750000001
16 0.2734375 0.340625 0.165625 0.1520781249999999
16 0.21926562500000008 0.5604218750000001 0.178125 0.18332812500000006
16 0.059375 0.74609375 0.11875 0.1859375
16 0.19426562500000005 0.748953125 0.184375 0.19582812500000008
16 0.353640625 0.536984375 0.14479687499999994 0.16354687500000012
16 0.466140625 0.593234375 0.16770312500000006 0.171875
16 0.125 0.346875 0.1375 0.1395781249999999
16 0.053125 0.54296875 0.10625 0.1671875
15 0.52546875 0.22771875000000003 0.11642187499999998 0.13110937499999994
15 0.8216093750000001 0.35375 0.25882812500000013 0.209109375